[  5 335  91 160 498  10 857   4 253 287]
[141 239 492 168 392  45 216  74  93 640]
[ 28 535  34 170  11 339 264 793 267  59]
[103  50 585  69 122 353   4 509 341 364]
[  1 249  50 461 243   9 715 456 134 182]
[ 14 558 205   1 215 327 468 125  61 526]
[567 162 461 108 448 355  96 166  28 109]
[264 724  60 338 148 164 308  95 383  16]
[159 235 217 417 224 416  73 385  85 289]
[106 445  40  25 372  46 305 274 186 701]
[360 253 425  94 449 270 152  20 326 151]
[215 157  31 165 803 405 163 383 114  64]
[166 227 152 309 124 122 671 129 114 486]
[397 831  26  34 501 167 138   0  20 386]
[394   0 305 163  14 631  24 291 397 281]
[499   0 414 120 191  81 253 142 341 459]
[755   0 441 205 245 434  52 117 251   0]
[742   0  65 515   0 430 158 328 262   0]
[  84    0  172   53    0  396   83  709 1003    0]
[   0    0  734 1425    0    0    0    0  341    0]
