0.036232402102152506
0.03624001240200467
0.036245019213358556
0.03624686675601536
0.0362451253467136
0.03623957025739882
0.03622955996195475
0.036214201037089035
0.03619150494469536
0.036158400111728245
0.03611070075564914
0.036040355639987524
0.03593375049167209
0.03576851079728868
0.03549618754916721
0.035020917129516604
0.03420088729858398
0.03297258956697252
0.03156655934651693
0.03025951377020942
0.029184611797332765
0.028341070673200817
0.027694212849934896
0.02720217121971978
0.02683301001654731
0.02655711301167806
0.026338898203108044
0.02615684611002604
0.025996211369832357
0.025851375950707328
0.025713281345367434
0.025582028177049423
0.02545626450644599
0.025329492971632218
0.02520170186360677
0.025070915889739993
0.024939055029551186
0.024803624629974364
0.024664788585238986
0.024519385051727297
0.024370491377512616
0.024216065099504257
0.024055353588528103
0.02388797892464532
0.02371266834470961
0.02353071517944336
0.023343023946550155
0.023154449515872533
0.02296996742884318
0.022797082710266113
0.02263892333772447
0.022496754942999946
0.0223692975891961
0.022253297509087454
0.022146501996782093
0.022045531219906277
0.021948901865217422
0.02185538042916192
0.021763575575086805
0.021673294183943006
0.021582795831892227
0.021493300904168025
0.021403298589918348
0.02131469217936198
0.021227561293707956
0.02114255519443088
0.0210592360496521
0.02097788690990872
0.02089726437462701
0.020817865467071532
0.02074076061248779
0.020666204569074843
0.0205933698548211
0.020520682928297253
0.020449058659871417
0.02037989723417494
0.02031346083747016
0.020247862010531956
0.020185583633846708
0.020123821931415133
0.02006352793375651
0.020004484420352513
0.019947813595665827
0.019892485268910725
0.019839017248153686
0.019786496024661593
0.01973522719277276
0.019684709633721247
0.01963621056344774
0.01958865481482612
0.019543015665478176
0.019497341775894163
0.019452299118041992
0.019407465404934352
0.01936364671919081
0.019321194309658476
0.01928006921344333
0.019239320039749146
0.019199126799901326
0.019159470139609443
0.01912038918071323
0.019082201316621566
0.01904369061258104
0.019004866170883178
0.01896745620833503
0.018930910195244684
0.01889367513656616
0.01885679324467977
0.018820346562067665
0.01878406198289659
0.018747044584486217
0.018709901110331217
0.01867281567785475
0.01863659445974562
0.018600408056047228
0.018564866484536063
0.018529036972257825
0.018494100528293186
0.018458609951867
0.018423193491829765
0.0183898065355089
0.018355383332570394
0.01832008827527364
0.018286770767635768
0.01825494652854072
0.01822281173070272
0.018191380892859564
0.018159696849187217
0.01812774608929952
0.01809589727719625
0.01806325446234809
0.01803251872592502
0.0180009763346778
0.017969872766070896
0.017940004438824122
0.01791050590409173
0.01787988339000278
0.017850621382395425
0.017819857782787746
0.017790796666675143
0.017761702140172322
0.017732741016811795
0.017703858221901788
0.01767464524375068
0.01764631403817071
0.017617980681525338
0.017590407387415567
0.017563438993030124
0.017535666200849745
0.017507770835028757
0.017480554082658556
0.017452910190158422
0.017426210922665067
0.017399044280582004
0.01737299042277866
0.017346813827090794
0.01732074056201511
0.01729413064320882
0.01726870664490594
0.017242426024542915
0.017216494703292846
0.017191281965043808
0.01716514279047648
0.017140988392300077
0.017115292607413398
0.017089818101459077
0.01706437749862671
0.01703929149839613
0.017013842990663317
0.016989012379116483
0.016964305708143446
0.01693935768339369
0.016915094921323988
0.016892344374126858
0.016869252093633016
0.016844602908028496
0.016822121508916217
0.016799312178293863
0.01677715719011095
0.016753397856818304
0.016730304850472343
0.016708047172758315
0.016686358515421548
0.01666367530822754
0.016641170517603558
0.01661860784424676
0.016597150182724
0.01657460135883755
0.016553597842322455
0.01653198894394769
0.01651149948967828
0.01649125412835015
0.016470456377665203
0.01645018310017056
0.0164299562242296
0.01640996045536465
0.016388908762402007
0.01636869355837504
0.016349073028564455
0.016327450195948282
0.01630648954709371
0.01628612191942003
0.01626663017272949
0.01624661775165134
0.01622748375468784
0.0162082341088189
0.01618839904997084
0.016167218568589953
0.016147337860531276
0.016127390172746447
0.016108343924416436
0.016087664116753473
0.016067971732881336
0.016048110262552897
0.01602829354074266
0.016007789092593722
0.015987882465786404
0.01596799461576674
0.015948361698786415
0.015929537587695653
0.015909699010848998
0.01589199998643663
0.015872656838099162
0.015854971022076076
0.015835755819744533
0.015817187955644393
0.015797950972451104
0.015779646857579547
0.015760809490415785
0.015743428966734144
0.01572539650599162
0.01570673952102661
0.01568964933289422
0.015671664381027222
0.01565389144155714
0.015635235012902152
0.015616897990968492
0.01559963953230116
0.015579859659406874
0.015561476638582017
0.01554315645959642
0.015525790903303359
0.01550825990570916
0.015490181636810305
0.015472249317169189
0.015455440378189087
0.015437630324893528
0.015420631260342068
0.015403185150358411
0.01538608227305942
0.01536841515964932
0.01535157411893209
0.015334003331926135
0.015316133960088093
0.01529841323958503
0.015279816961288453
0.01526459036403232
0.0152469110276964
0.015229342873891195
0.015213456540637547
0.015197001573774549
0.0151806602107154
0.015164333486557007
0.015148138745625813
0.015131038623385959
0.015116260528564454
0.015100045580334134
0.0150852814356486
0.015070074680116442
0.015052613846460979
0.015036803579330444
0.015021391179826524
0.015006822533077663
0.014991222630606756
0.014976108259624905
0.014960667742623224
0.01494526260693868
0.014929968521330094
0.014914289395014445
0.014899175204171075
0.01488335871166653
0.014869630400339761
0.014853023862838747
0.014840169058905707
0.014824473932054306
0.014809936465157401
0.01479614258872138
0.014781271923912896
0.01476690919134352
0.014752525684568616
0.01473920227156745
0.014725157001283434
0.01471013077100118
0.01469597094853719
0.014681945064332751
0.01466715472539266
0.014652930715348986
0.014640387582778929
0.014625539747873941
0.014612632788552177
0.014598335875405205
0.014584968572192724
0.01457118967374166
0.014557226461834378
0.014543370729022558
0.014531970834732056
0.014518733326594034
0.014505545266469319
0.014492874511082965
0.014478956688774957
0.014465423636966282
0.014451877127753364
0.014439702749252319
0.014426363097296821
0.014413923576143052
0.014400836822721693
0.014388125334845648
0.014374984137217205
0.014363309049606322
0.01435105373064677
0.01433858340051439
0.014326874658796524
0.014312504900826348
0.014299816597832575
0.014286865080727473
0.014273180394702488
0.014259120681550769
0.014246507077746922
0.014233832216262818
0.014220463376575046
0.014207067590289646
0.014193931256400215
0.014181177303526136
0.014169072363111709
0.014155863989724054
0.014143476136525472
0.014131509833865696
0.014118604967329237
0.014106537172529432
0.014094448290930855
0.01408157394727071
0.014070110225677489
0.014057207494311863
0.014044274388419258
0.01403238746325175
0.014019593217637804
0.01400757942729526
0.013994790246751572
0.013983852709664239
0.013970420127444797
0.013958681286705864
0.013947375286950007
0.013934534115261502
0.013923144319322374
0.013910828251308864
0.013897882090674506
0.013884548049502904
0.01387264722718133
0.013858759487999809
0.013845777946048313
0.013833181269963583
0.013820127148098415
0.013807929446962144
0.01379720147980584
0.013783721250957913
0.013771812359491984
0.013759005520078872
0.013746983120176528
0.013734463326136271
0.01372217902077569
0.013709108061260647
0.013697677924897936
0.013685526646508111
0.013672661219702826
0.013659809886084662
0.013647624429066977
0.013634525288475885
0.013621078419685365
0.013608036528693305
0.013595554404788547
0.013581710214085049
0.01356971028910743
0.013557150406307644
0.013544197095765008
0.013532533277405634
0.013521269016795689
0.013509703289137946
0.013497850020726522
0.013487060417069329
0.013475302714771695
0.013463665766186185
0.013451893236902025
0.013440501475334167
0.01342885431183709
0.013418323458565607
0.013406978583335878
0.013394459721777174
0.013382516937785678
0.013371064602004157
0.013360318824979994
0.01334830395910475
0.013335817133055794
0.013323478886816236
0.013312278805838691
0.01329986306561364
0.01328835748831431
0.0132775463130739
0.013267488688892787
0.013256701726383633
0.013246156573295594
0.013233777197202047
0.013222477655940586
0.013211057962311638
0.013200796106126574
0.013189536921183269
0.013177733347151015
0.013168188823593987
0.013156340199046664
0.013145243236753677
0.013134911245769924
0.013122762290636698
0.01311231009695265
0.013100649801890055
0.013089324069023132
0.013076966977119447
0.013066581877072651
0.013055757610003153
0.013044330045912
0.01303229939142863
0.013021955381499396
0.013010697518454658
0.012998779434627957
0.012988780636257595
0.012977722962697348
0.0129667683256997
0.012955507678455777
0.012944114099608526
0.012933412403530544
0.012923176929685804
0.012912320693333944
0.012901541566848756
0.012890756204393176
0.012881120276451111
0.012871148814095392
0.012860726189613342
0.01284955543677012
0.012839723308881125
0.012828761347134909
0.012818825448883905
0.012809230128924052
0.012799480623669094
0.012789546918869018
0.012779027673933241
0.012768458777003819
0.012756970572471618
0.012747211464246115
0.012736509188016255
0.01272599369684855
0.012714920099576315
0.012704118084907531
0.01269449876414405
0.012682971302668253
0.012673535953627692
0.012663750947846306
0.012654071839650472
0.01264491798347897
0.012634466399086847
0.012624759809176128
0.012615898887316386
0.012605092300309075
0.012596202333768208
0.01258734403981103
0.012577268364694385
0.012568172152837119
0.012559730148315431
0.012550318453047011
0.012540629529953003
0.012530779793527392
0.012521232305632696
0.012512464343176948
0.012503587786356607
0.012493737930721708
0.012484104998906453
0.012474304037623934
0.012465080115530226
0.012455652695231969
0.012446622610092163
0.012438020157814027
0.012428163594669766
0.012418952425320944
0.01241025604671902
0.012401859675513374
0.012392716272672017
0.012383537687195672
0.012373484796947902
0.012364057199160259
0.012354725649621751
0.012344861390855577
0.012336105449994405
0.012326626422670153
