0.03672894513871935
0.03672335510253906
0.03671674959394667
0.036708826404147674
0.036699235237969294
0.03668743936750624
0.03667322491539849
0.03665598602294922
0.03663520454830593
0.036609852006700305
0.03657803806728787
0.03653729031880697
0.03648193285200331
0.036403336418999566
0.03628089663187663
0.03607370402018229
0.035703312301635745
0.035090839958190914
0.03429931302600437
0.033545275751749676
0.03291431677076552
0.03237660880618626
0.03191811744901869
0.031550007745954727
0.03127041286892361
0.03105516216490004
0.03087956630918715
0.030727241791619196
0.03059178694619073
0.030468039396074082
0.030353606446584067
0.03024447921117147
0.030138182968563507
0.03003173141479492
0.029926780944400364
0.02982336837980482
0.029719412326812744
0.029614154635535347
0.029506863805982803
0.02939634929233127
0.029282223510742188
0.029162514379289416
0.02903625898361206
0.02890377892388238
0.028763335461086694
0.028618173101213243
0.02846782978905572
0.0283162812338935
0.02816783512963189
0.02802544299231635
0.027894157144758437
0.027773806709713408
0.027662867217593725
0.027560444747077095
0.027462795787387424
0.027369870387183297
0.02728069397608439
0.02719242123497857
0.027104878171284992
0.02701796882417467
0.026930864757961696
0.026843615129258896
0.02675764199362861
0.02667229896121555
0.026587459712558322
0.026503919039832218
0.026420206345452203
0.026338510915968154
0.02625714470545451
0.026177201769087048
0.026098364236619737
0.02602086821662055
0.025945148086547853
0.025869649272494844
0.02579538690778944
0.025720714208814832
0.02564801597595215
0.025576472579108344
0.02550631636513604
0.02543728231853909
0.025369100814395484
0.0253029269112481
0.025236110019683837
0.025170598867204456
0.02510617117351956
0.025042428716023763
0.02497998269399007
0.024917604955037437
0.024856760597229004
0.02479581217235989
0.02473599838680691
0.02467589616775513
0.02461666808658176
0.024558760293324787
0.02450120464960734
0.02444431343078613
0.024387947580549452
0.02433176701863607
0.02427683138317532
0.02422297672695584
0.024169387435913087
0.024115804068247478
0.02406292650434706
0.02401042023764716
0.023956649748484292
0.02390458254284329
0.023850992361704508
0.023798294427659777
0.0237458499484592
0.023695759508344863
0.023645307932959662
0.023595697667863635
0.02354732746548123
0.02349897001054552
0.0234510040918986
0.023401791837480333
0.02335446637471517
0.023306792640686035
0.023260194947984484
0.023213283930884464
0.023167395559946694
0.023121315595838757
0.02307533541785346
0.023029618899027507
0.02298598721822103
0.02294224843978882
0.022898290581173368
0.022855000760820178
0.022811713578965928
0.022768829070197213
0.02272715107599894
0.022685254859924314
0.022643875291612412
0.022603539276123047
0.022562924003601076
0.022522894477844238
0.022484026665157742
0.022445417065090605
0.022406340482499863
0.022368667051527236
0.022330690309736466
0.02229341140323215
0.022257533179389107
0.02222211979760064
0.022186303732130264
0.022150591670142283
0.022114828215705023
0.022080675580766467
0.022045522128211127
0.022011670642428927
0.02197648746702406
0.021941815355088976
0.021906573221418594
0.02187165177663167
0.02183766211403741
0.02180291538238525
0.021767812124888104
0.021732937060462105
0.021697230010562472
0.0216632834010654
0.021628507275051542
0.02159381187227037
0.021560066265530056
0.021525744809044733
0.02149203199810452
0.021456306733025444
0.021422698179880777
0.021390058951907688
0.021357419999440512
0.021325012832217747
0.021291869089338517
0.02125967371198866
0.02122773026360406
0.021195160335964625
0.02116256324979994
0.02113021493487888
0.02109829133351644
0.02106670828925239
0.02103569271299574
0.021003792476654053
0.02097216296725803
0.02094094288084242
0.020909814580281575
0.02087889800601535
0.020847966861724854
0.02081767914030287
0.02078750452465481
0.020758289284176296
0.020728685008154973
0.02069910986158583
0.02066899480819702
0.02064029285642836
0.020611426120334203
0.02058174312379625
0.020552223756578232
0.020521897919972738
0.020491705184512668
0.020460882928636338
0.020430382368299697
0.020400876871744793
0.02037257982889811
0.020344022962782118
0.020316244475046794
0.02028864878548516
0.02026003919177585
0.020232391601138645
0.020205284436543784
0.020177306662665474
0.020151063866085478
0.02012498815324571
0.020099267874823676
0.02007293159696791
0.020046233971913657
0.020020660061306424
0.019994580417209203
0.019968085712856718
0.019942729165818955
0.01991682858996921
0.019890720568762885
0.019863823890686035
0.01983795975579156
0.019811766168806286
0.019785453849368626
0.01976012702518039
0.019734448994530574
0.01970766651365492
0.019681348090701635
0.019654181067148845
0.01962808951271905
0.01960139683087667
0.019574144517050848
0.019546326038572523
0.019520409382714165
0.019494618256886802
0.019466280497445
0.019440292029910617
0.019414317422442966
0.019387237882614136
0.019361187262005277
0.019335382911894055
0.019308889611562092
0.019283817794587876
0.01925856243239509
0.0192321674823761
0.01920734159151713
0.019182497432496812
0.019156764650344847
0.019131328291363187
0.019105831554200915
0.01908049632708232
0.019055217085944282
0.019029319763183592
0.019004980272716947
0.018980874501334295
0.018956890816158718
0.01893210328420003
0.018907846143510605
0.01888561739391751
0.01886143181588915
0.018837100977367825
0.018813744836383397
0.01879039282268948
0.01876503592597114
0.018740275600221422
0.01871561516125997
0.018691474861568875
0.018668670712576975
0.018645526790618896
0.018621697070863513
0.018597837003072104
0.018575697591569688
0.01855196253988478
0.01852896885342068
0.018506100935406156
0.018483667771021527
0.018461258358425565
0.018439336517122058
0.01841732907825046
0.01839567741817898
0.01837311997413635
0.018350464577145044
0.01832797513008118
0.01830593310991923
0.01828431520991855
0.018261861753463747
0.018240326876110498
0.0182171557797326
0.01819467532899645
0.01817372029622396
0.01815162755118476
0.018130468214882747
0.018108479674657188
0.018086950545840794
0.018065821091334026
0.018044432682461208
0.018023546510272555
0.0180025318675571
0.01798206485112508
0.0179614995320638
0.017940765915976632
0.017919494613011677
0.017898644071155122
0.017877809953689577
0.017857639784283105
0.017837115732828774
0.01781664800114102
0.017797071864869857
0.01777583015229967
0.017754943725797865
0.01773346846898397
0.01771343160735236
0.017692464033762612
0.01767265230284797
0.017653010903464425
0.017632863579856026
0.01761233755217658
0.01759188545544942
0.0175723856555091
0.017551389842563207
0.017531794595718384
0.017512971178690592
0.017493950329886543
0.017474590677685208
0.0174547295888265
0.017436068132188585
0.01741645776430766
0.01739603224860297
0.017377609237035116
0.017358046044243708
0.01733955405553182
0.01732117608918084
0.017303135437435575
0.017283987818823923
0.017264877918031482
0.017247032727135552
0.017229013061523437
0.017211080339219836
0.017193275933795507
0.017174562618467545
0.01715620182885064
0.017138879818386504
0.017121642372343274
0.017103963724772138
0.017085643651750353
0.017068023443222047
0.017050658289591472
0.01703255197207133
0.01701378553178575
0.01699712834888034
0.016979171551598442
0.01696202484236823
0.016944481314553155
0.016928119717703926
0.016911946137746176
0.016895313151677447
0.016878193452623154
0.01686076211399502
0.016843224721484713
0.016824838076697456
0.016808661105897692
0.016790501811769276
0.01677377941343519
0.016756035470962525
0.016739241149690415
0.01672117098702325
0.0167038823445638
0.01668521433406406
0.01666839918560452
0.01665104922718472
0.01663339376979404
0.016616367859310574
0.016599424987369115
0.0165822810543908
0.016565356657240127
0.016548119592666624
0.016531121232774525
0.01651395004060533
0.016497070434358385
0.01648089773919847
0.016463874800999957
0.016445179706149633
0.016428624147839015
0.01641104196972317
0.016394136243396334
0.016377691078186034
0.01636148281627231
0.016344187609354657
0.016327909427218967
0.01631175226105584
0.016294794326358372
0.0162789023399353
0.016262756156921385
0.01624677210383945
0.016231496906280517
0.016214711819754705
0.01619896810849508
0.016183275010850696
0.016167474275165135
0.016150774150424534
0.01613448527124193
0.016118470313813953
0.016102477402157252
0.0160865421295166
0.016071077500449286
0.01605669059753418
0.016041031281153362
0.016025430451499092
0.016009887949625653
0.015994962263107298
0.015979986180199517
0.015964501995510527
0.015949548795488145
0.015933441405826147
0.0159189998626709
0.01590431070857578
0.015889112854003906
0.015873666991127862
0.015859162701500788
0.015844363721211754
0.015830225573645697
0.01581524363093906
0.01580018493334452
0.015786010599136355
0.01577034018834432
0.0157558116224077
0.01573972810109456
0.015725920353995428
0.01571162632306417
0.01569781830575731
0.01568440178765191
0.01567017978562249
0.015654894929462006
0.015641061385472617
0.015626979202694364
0.015613862731721667
0.015600707170698377
0.01558638760778639
0.01557272221777174
0.015559436925252277
0.015545622724956937
0.015531248320473565
0.015517556063334149
0.015504045009613037
0.015488880205154418
0.015475120253033109
0.015461764552858142
0.015447949467764961
0.015434086094962225
0.01542007148000929
0.015407435750961304
0.015393448072009616
0.015378933996624416
0.015364524369769627
0.01535088663101196
0.01533675587972005
0.015323382865058051
0.015309278313318887
0.015295380279752944
0.015283028978771636
0.015269608471128676
0.015255911917156643
0.015243345504336888
0.015229264969295924
0.015216365305582681
0.01520361017121209
0.015190781058205498
0.015177263037363688
0.015164936595492893
0.0151517251279619
0.015138847006691826
0.015125883107715184
0.015112881745232478
0.015099703788757324
0.015087019067340425
0.015073299503326417
0.015059912194146052
0.01504694906340705
0.015034090503056843
0.015021365043852064
0.015008943986892702
0.014996016428205703
0.014984205521477592
0.014970087565316094
0.014958576186498006
0.014946880510118271
0.01493330184618632
0.014920854070451526
0.014908054934607612
0.014895482481850518
0.014882944016986423
0.014870567056867812
0.014857550870047675
0.014845201206207276
0.014831342183219062
0.01481948186026679
0.01480653377638923
0.014794437101152207
0.01478079096476237
0.014768338219324748
0.014755960612826878
