0.03675435882144504
0.03672647853427463
0.03669644718170166
0.03666383353339301
0.036627936045328775
0.03658830485873752
0.036543965996636285
0.03649250359005398
0.03643218479156494
0.03635818229251438
0.03626340217590332
0.0361369878133138
0.03596389550103082
0.0357209533267551
0.03536617772844103
0.034837333403693306
0.034103679784138995
0.033268725289238826
0.03248804963429769
0.0318768134964837
0.03145267904069688
0.0311664677090115
0.03095789105097453
0.030794910113016764
0.03065585765838623
0.030531303946177167
0.030413777860005698
0.030302579498291012
0.03019316029018826
0.030086067973242866
0.02997817151811388
0.029872057999504938
0.029767916043599445
0.029663705507914227
0.02956124526129829
0.029458303790622285
0.029353541543748647
0.029246215311686197
0.029137138175964354
0.029027253882090247
0.028913998349507652
0.028798737218644885
0.028679977915022106
0.02855575246810913
0.02843178333706326
0.028304807811313205
0.028176863776312934
0.02804596543841892
0.027917043368021647
0.027792357762654624
0.027674074660407173
0.0275607682440016
0.0274532913102044
0.02734912125269572
0.02724728520711263
0.027146032990349664
0.0270441325823466
0.026942575783199734
0.026842596477932402
0.0267424068874783
0.026642086378733318
0.02654224304623074
0.02644215528700087
0.02634120037290785
0.026241599623362224
0.02614333619011773
0.026044913313123915
0.025947480911678738
0.025850518809424506
0.025753220568762884
0.025656465498606364
0.025562755330403645
0.02547002895143297
0.02537894303003947
0.025288082143995496
0.025197761832343207
0.02510765913857354
0.025021349027421737
0.024935689406924776
0.02485147630903456
0.02476786527633667
0.024686480289035376
0.024606366835700142
0.02452814450793796
0.024452135297987197
0.024376836554209393
0.024301906236012777
0.024229101710849337
0.02415748292075263
0.02408717566596137
0.024018835449218748
0.023951373672485354
0.02388522114223904
0.02381971493826972
0.0237556735780504
0.023692546378241645
0.023631618457370333
0.023570188183254667
0.023510037061903213
0.023449808809492323
0.023391053231557213
0.02333230914009942
0.023275309997134737
0.023218654865688748
0.023162679757012264
0.023107949659559462
0.023052398713429772
0.022997188345591228
0.02294237128363715
0.022888355265723335
0.02283390324910482
0.022780433644188774
0.022727255577511256
0.02267460610071818
0.022621551089816623
0.02256905612945557
0.02251573421690199
0.022464241822560627
0.022412315368652343
0.02236156013276842
0.022311930476294626
0.022262142350938586
0.02221206523047553
0.022162113306257458
0.022112464661068386
0.02206375415590074
0.02201664816538493
0.021969426006740993
0.021923614936404757
0.021878465588887532
0.02183327095243666
0.021790004211001926
0.02174723441865709
0.02170422557195028
0.021661281500922308
0.021618814733293322
0.021575531027052137
0.02153373588985867
0.021490990532769098
0.02144903238084581
0.02140793997446696
0.021367616261376277
0.02132713205549452
0.02128709666993883
0.0212468841764662
0.02120806621975369
0.021169942378997803
0.021132942008972165
0.021094968085818823
0.021057424301571315
0.021018615436553957
0.020981580850813124
0.020944276311662464
0.02090704827838474
0.02086932553185357
0.020832008160485162
0.020796552477942574
0.02075874064763387
0.020722463607788087
0.02068763879140218
0.02065277462005615
0.02061705782148573
0.02058186272515191
0.020546318372090658
0.020511524020300972
0.02047655339770847
0.020442322656843398
0.02040656205283271
0.020372264872656927
0.020337562243143717
0.020304388819800484
0.02027117952770657
0.020239190027448867
0.02020572790569729
0.02017379127078586
0.020140837807125517
0.020107055081261527
0.020075146177079943
0.020042879401312934
0.020012024863560993
0.01998224673800998
0.019952112240261503
0.019921591165330675
0.019890695513619317
0.019861263275146486
0.019831146589914958
0.019802270550198026
0.01977348976665073
0.019745038795471192
0.019716347244050768
0.01968713519308302
0.01965838776694404
0.019631376690334743
0.019602513652377657
0.01957513656616211
0.019547367572784424
0.019520288287268747
0.01949279007381863
0.019466555224524604
0.01943912018669976
0.019414034292432998
0.019387895504633587
0.019361808008617826
0.019336107926898532
0.019311492670906916
0.019286237282223173
0.01926220268673367
0.019236833487616643
0.019211200899548
0.01918508372306824
0.019159163925382826
0.019135237481858997
0.019109697114096748
0.019084501065148248
0.019059226285086737
0.01903353137969971
0.019009256156285605
0.018985093688964845
0.018960719860924614
0.018935969781875613
0.018912500958972504
0.01888763256602817
0.0188623694896698
0.018837306774987114
0.018812590583165485
0.018787800682915582
0.018763040341271294
0.018739721224043104
0.01871505994796753
0.018690585459603205
0.018667869732115004
0.01864480857319302
0.018621775743696424
0.018597579378551908
0.018570639483133953
0.018545877710978192
0.018521891980701023
0.018496740049786038
0.01847200665473938
0.01844965622689989
0.01842522060076396
0.018401820532480878
0.018377178812026978
0.018353737714555528
0.0183305904229482
0.018306929021411473
0.018282769118414983
0.01826024973657396
0.01823748919698927
0.018214966201782225
0.018191998879114785
0.018169869322246977
0.01814587043126424
0.018121963410907323
0.01809930843777127
0.018075711716545952
0.018053322574827405
0.018031987216737537
0.018010033999549018
0.017987454377280342
0.017965970855289035
0.017943745491239758
0.017922482617696123
0.01790041128794352
0.01787875985569424
0.01785752542813619
0.017835139348771834
0.017813500213623046
0.01779185814857483
0.017770362202326456
0.01774955475065443
0.01772769816186693
0.01770691845152113
0.017685825808842977
0.017664408662584095
0.017643758879767525
0.017623086881637575
0.017602487749523586
0.017582650105158488
0.017562028143141006
0.017541201633877224
0.01751881496641371
0.017498173734876842
0.01747720300356547
0.017456335343254935
0.01743480887942844
0.017413528050316707
0.01739181799888611
0.01737193886968825
0.017352075746324327
0.01733094392352634
0.017309899801678127
0.017289368009567263
0.01726817767884996
0.01724751738442315
0.01722807336913215
0.01720670551194085
0.0171873494942983
0.017167330047819347
0.01714771506521437
0.017128794802559747
0.017109165912204318
0.01708916802406311
0.017069394816292657
0.017050101031197442
0.017031171576182048
0.017012186241149904
0.016993655093510945
0.016974252186881172
0.016955816268920898
0.016936976512273154
0.01691791503694322
0.016898835102717082
0.016879981242285836
0.016861692735883924
0.016842872036827935
0.016823334821065267
0.016804174041748048
0.016785189072291058
0.016765770869784886
0.01674747092988756
0.016728876622517905
0.016710234679116143
0.016691397476196287
0.016671863640679255
0.016651493718889025
0.016630878909428912
0.016611153724458483
0.016591229009628294
0.016572088273366294
0.016551324092017282
0.01653161472744412
0.016510821072260536
0.01649145899878608
0.016471796856986153
0.01645203966034783
0.01643158239788479
0.01641212666299608
0.016392322704527115
0.01637303033934699
0.016354998630947536
0.016335681666268243
0.01631631607479519
0.016297588613298206
0.016278593873977662
0.01626071778403388
0.01624169471528795
0.01622208610110813
0.016202168311013117
0.016183428462346397
0.016164349280463324
0.016143900987837047
0.016124477370580037
0.01610441255569458
0.016085725604163277
0.016066996245914036
0.016047779072655574
0.016028639385435316
0.016009973865085177
0.015992613633473714
0.015973037062750925
0.01595427984131707
0.015935491911570232
0.015917302311791313
0.01589809573491414
0.01587916726006402
0.015861702431572807
0.015843656561109754
0.015825600131352743
0.01580686150656806
0.01579077950053745
0.015772541867362128
0.015754332637786864
0.015736121548546686
0.015718064159817167
0.01570042272143894
0.015682711617151898
0.015665503062142264
0.015648502175013224
0.015631994088490805
0.015615232488844128
0.015597317134009466
0.015580427736706204
0.015563030910491944
0.01554659046596951
0.01552973470158047
0.015513805765575834
0.015497055085500082
0.015479836066563925
0.01546353129280938
0.015445844237009683
0.015429612588882447
0.01541424542533027
0.01539773106045193
0.015381689972347684
0.015366705168618097
0.015351090277565852
0.015335050948460896
0.015318827719158596
0.015303726540671454
0.015288232151667277
0.015271800772349041
0.015256086752149796
0.015239904620912341
0.015223524109522503
0.015206939130359226
0.01519107707341512
0.015174797519048055
0.015158644029829239
0.015142776409784953
0.015128497547573514
0.015113752222061157
0.015097794188393486
0.015082055976655748
0.015066313860151502
0.015051882346471151
0.015035778421825834
0.015021629714965819
0.015004594824049207
0.014989553899235194
0.014973879369099935
0.01495761653582255
0.014941558519999187
0.01492506874402364
0.014909689214494494
0.014894295001029968
0.014880353246794806
0.014864585394329494
0.014850750732421874
0.014837099785274928
0.014821805882453918
0.014807773163583542
0.014793875731362236
0.01477944683763716
0.01476454856660631
0.014750393658214145
0.014735797150929769
0.014721073812908596
0.014706610735257468
0.014692598655488755
0.014677259013387893
0.01466137277815077
0.0146464277850257
0.014631150346332125
0.014616217494010925
0.014601212377018398
0.01458545994758606
0.014569896875487435
0.0145548993534512
0.014540741162829928
0.014525826401180691
0.01451210089524587
0.014498064658376905
0.014484240033891467
0.01446834677590264
0.014455951846970452
0.014442333952585857
0.014427288397153218
0.014413493612077503
0.014400449448161655
0.014385713473955791
0.01437032608456082
0.014356724137730068
0.014342295228110421
0.014328738903999329
0.014315160271856519
0.014300026753213672
0.014286331039004854
0.014271074138747323
0.01425657000541687
0.01424087496333652
0.014227419522073534
0.014213211088710362
0.014198064835866293
0.014182749263445536
0.014168583411640592
0.014153496185938518
0.01413976960712009
0.014124761019812691
0.014110133028030396
0.014095646103223164
0.014080186139212714
0.014065973626242744
0.014051609757211474
0.014036912414762709
0.014022285389900208
0.01400863942835066
0.013994698135058086
0.013979355006747777
0.01396521598233117
0.01395024553934733
0.013935490886370342
0.013922815489768982
0.013908318286471896
0.013894543295436435
0.013880542863739862
0.013866646928257413
0.013853729520903694
0.013838589082823859
0.013825485701031155
