0.03705373630523681
0.0370421909544203
0.03702917215559218
0.03701409125857883
0.03699659699334038
0.036975905418395995
0.03695134739345974
0.03692279336717394
0.036888423940870496
0.036845893012152776
0.0367911157184177
0.036717125129699706
0.036611798646714946
0.03644850696987576
0.0361765763812595
0.035703698370191786
0.03494057374530368
0.033989557637108696
0.0331125815709432
0.03242475238376193
0.031900899018181696
0.031492157544030085
0.031168098619249133
0.030908109887441002
0.03070174379348755
0.03053420049879286
0.03038808095720079
0.030257193597157797
0.030134792603386775
0.03002159849802653
0.029913395828670926
0.029810735501183405
0.029710874875386557
0.029612549177805585
0.02951484105851915
0.029416102769639754
0.029316500907474095
0.029215460565355088
0.02911144979265001
0.029003377660115563
0.028891987027062308
0.02877592398325602
0.028654208702511254
0.02852263044781155
0.028381490559048123
0.028230200248294406
0.02806953247918023
0.02790274568133884
0.027734934753841825
0.027570121701558432
0.027413510682847766
0.02726506165398492
0.02712498646842109
0.026991742526160344
0.02686360247929891
0.026741006671057808
0.026622285472022163
0.026507047907511395
0.0263942979282803
0.026283511458502877
0.0261705307536655
0.02605963388019138
0.025950474717881946
0.025843937714894613
0.025738485707177055
0.025633964294857446
0.02553199258380466
0.025431129190656872
0.025332101811303034
0.0252342716217041
0.025138169436984593
0.025043728065490725
0.02495021629333496
0.024858684656355115
0.024769078561994767
0.024680523745218914
0.024593873076968722
0.02450836568408542
0.024423863008287215
0.024339550357394747
0.02425770314534505
0.024177218108707006
0.02409884705013699
0.024021030002170138
0.023944833575354683
0.023870233207278782
0.023796483421325683
0.023724631871117487
0.023653433895111084
0.02358329182730781
0.023513651773664688
0.023445247978634304
0.02337780866622925
0.02331117796368069
0.023245283709632025
0.02318078984154595
0.02311714476479424
0.023053860229916043
0.022991327624850802
0.022929074086083304
0.022867815346188015
0.02280537911521064
0.022744840113321937
0.022683931509653726
0.022623527283138697
0.02256300303141276
0.022503754795922173
0.022443228022257487
0.0223849701139662
0.022327320607503257
0.022269004652235243
0.022211722766028508
0.02215472035937839
0.022098016590542262
0.022041345744662814
0.02198469640943739
0.02192893966039022
0.021874605962965223
0.02181995751063029
0.021765726163652205
0.021712128872341578
0.021658894104427763
0.021606627135806616
0.021554914527469212
0.02150355189641317
0.02145239797168308
0.021400320031907824
0.021347749265034993
0.021294947465260824
0.02124299144744873
0.021192814604441324
0.02114150455262926
0.021092068121168348
0.021042648357815212
0.020993283483717175
0.020944434134165444
0.020896342998080783
0.020848276223076716
0.020801314417521158
0.020753840912712946
0.020707741885715062
0.02066145668029785
0.02061526377995809
0.020570284271240233
0.020524989403618705
0.02048079416486952
0.020435604201422798
0.02039221107694838
0.020349213292863634
0.020306519095102945
0.020263435904184977
0.02022020284864638
0.02017787636650933
0.020135530132717558
0.02009399052725898
0.020053020763397215
0.020011731688181558
0.01997108661863539
0.01993118715286255
0.019892121240827773
0.01985298277537028
0.019815214570363362
0.0197767829047309
0.01973917260699802
0.019701781251695423
0.01966541681289673
0.019629267221026953
0.019593706862131754
0.01955730137825012
0.019522148826387194
0.01948671474456787
0.019452400981055367
0.019418258831236098
0.019384834411409167
0.019351712809668648
0.019319015163845488
0.019287002881368
0.01925615114106072
0.019224720870123967
0.01919441524611579
0.01916394444041782
0.01913514434496562
0.019106007560094198
0.019076748842663235
0.019048450226253934
0.01901961062749227
0.01899138913684421
0.018963779338200887
0.018935355610317655
0.018907442119386463
0.018879666651619807
0.01885222756597731
0.018824877866109212
0.018796508672502307
0.01876892713440789
0.018742131180233424
0.018716060087415907
0.018688869243197972
0.018661268260743883
0.01863462431695726
0.01860677022404141
0.01858072582350837
0.018553985187742445
0.01852674690882365
0.01850113124317593
0.018475910997390748
0.018450471131006875
0.01842559045685662
0.018400633006625707
0.018374909861882525
0.01834961241086324
0.018324418110317656
0.018300447183185152
0.018275094074673124
0.018250929339726767
0.018227499914169314
0.01820386413998074
0.018180283668306138
0.018156370740466648
0.01813330153359307
0.018110239765379163
0.01808801621331109
0.018066076363457573
0.01804272903336419
0.018019533252716064
0.01799742743174235
0.017974892478519015
0.017952986039055718
0.017929764546288383
0.017906605535083348
0.01788383011288113
0.01786107630199856
0.01783827036751641
0.01781539026896159
0.017792026090621946
0.017769065697987873
0.017745953575770062
0.017721778546439276
0.017698785363303292
0.017676019223531087
0.01765327550040351
0.0176305100440979
0.01760844932132297
0.017585378848181833
0.017563503323660957
0.017542050721910264
0.017520721753438315
0.01749884631898668
0.01747751644982232
0.017456350866953532
0.01743566786448161
0.017413896253373886
0.017391968197292752
0.01737108546892802
0.01734997541109721
0.0173288315349155
0.01730791827837626
0.01728731531567044
0.017266105969746908
0.017245158693525525
0.01722323792245653
0.017203210544586182
0.017181716267267864
0.01715935692257351
0.017138122940063477
0.01711685932477315
0.017095732715394763
0.01707413791020711
0.01705272649659051
0.01703096487787035
0.017010104566150243
0.0169897337436676
0.016968531142340766
0.01694780575434367
0.01692668446434869
0.016905471107694837
0.016884085739983453
0.016863481320275202
0.016841676415337455
0.016820002031326296
0.016798392142189873
0.01677729329003228
0.01675709990925259
0.016735793606440227
0.016714903820885554
0.016694947142071197
0.0166742753929562
0.016654438416163125
0.016633636612362335
0.016614022747675577
0.01659341657956441
0.016574736939536202
0.016553612857394748
0.01653383437262641
0.01651442126697964
0.016494614097807142
0.01647557265493605
0.01645558698972066
0.016436684804492525
0.016417022689183554
0.01639828701549106
0.016379085975223116
0.016360371451907687
0.01634196547402276
0.016323561583624944
0.016304869328604803
0.01628591586748759
0.016267852963341607
0.016250632799996268
0.016231521383921307
0.01621275552113851
0.016193820608986748
0.016175135612487793
0.01615687590705024
0.016138900465435452
0.016120316192838883
0.016102169863382976
0.01608306403689914
0.01606595081753201
0.01604865280257331
0.016030292187796696
0.016012500858306886
0.015994076029459636
0.01597583320405748
0.015957696771621704
0.015940302583906385
0.015922539552052816
0.015904798126220705
0.01588576783074273
0.01586757198439704
0.015852164856592816
0.015832150252660118
0.01581500832769606
0.015797222805023194
0.015780254803763497
0.015763461033503214
0.01574657926029629
0.01572985366715325
0.01571223351160685
0.015695623313056097
0.015678464089499577
0.01566019762886895
0.015643140676286485
0.01562567818429735
0.015608796697192721
0.015592265070809257
0.015574705113304986
0.015558624765608044
0.015541909583409626
0.015525400222672354
0.01550846883455912
0.015493461248609754
0.015477611343065897
0.015460623831219142
0.01544387150870429
0.015425712362925212
0.015408092244466145
0.015392780060238307
0.015375830115212333
0.015358522261513605
0.015342454200320776
0.015323825780550639
0.01530789101653629
0.01529170781241523
0.015274863232506647
0.015258521760834589
0.015242366112603082
0.015227185593711005
0.01521139455371433
0.015194310718112522
0.015179725029733446
0.015164169012175667
0.015149037822087605
0.01513260188897451
0.015117652689086065
0.015101432977782357
0.015086256824599372
0.015072878087891473
0.015057636615965101
0.015041619467735289
0.015026416216956244
0.01501122143268585
0.014995758181148107
0.01498003604941898
0.014963819042841595
0.014947891987694634
0.014932068151897855
0.014916892064942254
0.014900891012615628
0.014885325916608173
0.01487006129688687
0.014855264353752135
0.014840057773060269
0.014824962708685134
0.014809593195385402
0.01479476207362281
0.014779184701707629
0.014764032737414043
0.014748945331573487
0.014732742007573445
0.014718105581071641
0.014699869041972692
0.014684674172931247
0.014670084309577943
0.014654390282101101
0.014638950300216676
0.014623852552307975
0.014608572981092664
0.014593487638897368
0.01457931838300493
0.01456509490278032
0.014550273018413119
0.014535650772518583
0.014520734196239048
0.0145069002866745
0.014492612247996861
0.01447699445883433
0.014463007556067572
0.014449532747268677
0.014436306903097365
0.014421849094496834
0.014406796701749165
0.014392917037010193
0.014376589801576403
0.01436352232562171
0.014349823310640122
0.014335474183824326
0.014320545254813301
0.014306695066557991
0.014292213638623555
0.014277918283144632
0.014266121612654791
0.014252860479884678
0.014236530931790671
0.014223355277379354
0.014209120506710476
0.014196044929822287
0.014182316721810235
0.014169213559892443
0.014155410395728218
0.014142147792710199
0.014129313845104642
0.01411696719593472
0.014102161863115099
0.014087615940305921
0.014074048331048753
0.014060651919576858
0.014048904792467754
0.014035966446664598
0.014023631419075859
0.01400974877940284
0.013995493099424574
0.013984609776073033
0.013971252912945218
0.013957338870896233
0.013944939557711283
0.013930708736843532
0.01391772343052758
0.013904612678951687
0.01389000138176812
0.013877468707826404
0.013864723218811882
0.01384954252243042
0.013836458471086291
0.013823635628488328
0.013809374732441372
0.013797130629751417
0.013786103847291736
0.013772243067953322
0.01375980987019009
0.013746749676598443
0.013734481498930189
0.013721938406096564
0.01370833702882131
0.013696470271216498
0.01368219989935557
0.013670901526345147
0.013659157247013515
0.013645716296301947
0.013633098973168268
0.013621649763319229
0.013609687042236328
0.013596947296460469
0.013584127026134067
0.013572305825021532
0.013558508192168342
0.013546406202846103
0.013535397624969484
0.013523087652524312
0.013509752215279473
0.013497624961535136
0.01348613112502628
0.013473674321174621
0.013462758509318034
0.013451299002435472
0.01343794404665629
0.013427381176418727
0.01341508220301734
0.013402204378445942
0.013390549349784852
