0.03703496072557238
0.03699989927079942
0.036962451934814455
0.03692092668745253
0.036874327913920084
0.03682085052066379
0.036759484926859536
0.036687466960483125
0.03660055423312717
0.036493693415323894
0.03635752618577745
0.03617819163004557
0.03592950172424317
0.03556836102803548
0.035022319719526504
0.03420430694156223
0.03310079810884264
0.03188855446709527
0.030735115877787274
0.02974699704911974
0.028958247364891897
0.02836852641635471
0.027930599456363257
0.027598547585805256
0.027333274830712212
0.02711883675257365
0.02693762557771471
0.026780427551269533
0.026640701664818658
0.026515114784240724
0.026398026529947917
0.026285892200469972
0.026177729203965928
0.026070596313476562
0.025964041158888077
0.025858753066592743
0.02575276327133179
0.02564386790593465
0.025532320955064563
0.025418869474199083
0.025300256538391113
0.02517326716317071
0.025039817969004313
0.024900105253855387
0.024751654126909044
0.024594100263383652
0.0244264943546719
0.02425040470759074
0.02406963546011183
0.023886858007642956
0.023706937562094795
0.02353370336426629
0.02336694584422641
0.023208252678977116
0.02305553945965237
0.02290897454685635
0.022767150423261853
0.0226298031700982
0.022496158244874744
0.02236696023411221
0.022238745970196195
0.022113969665103487
0.021990032598707413
0.021868368344836766
0.02174962786038717
0.021634118917253285
0.021519938400056626
0.021407775274912517
0.021297831683688696
0.02119063207308451
0.02108518137402005
0.020980404816733467
0.02087828614976671
0.020778158050113252
0.020679285436206396
0.020582763979170058
0.020488551738527087
0.020395897266599867
0.02030617070198059
0.02021751264995999
0.020129975170559353
0.02004481734169854
0.019959714539845783
0.01987753005027771
0.019797258456548054
0.019718396520614623
0.01964221347173055
0.019568525891833832
0.01949617608918084
0.01942544725206163
0.019356885210673015
0.019289543920093112
0.019223159699969822
0.01915787894990709
0.019093514564302232
0.019031953742769028
0.018971563556459216
0.018912192371156482
0.018853265232510037
0.01879547414249844
0.018739830854203967
0.018684647840923732
0.01863083800739712
0.018578053787019516
0.018526259655422633
0.018474896377987333
0.018424186261494956
0.01837496191130744
0.018326886728074813
0.018279187377293907
0.018231935787200927
0.018185546970367433
0.01814050620396932
0.01809634025361803
0.018050844791200428
0.018006318691041735
0.017961349609163072
0.017918505938847862
0.017876008383433024
0.01783354525566101
0.01779130328496297
0.017749420107735527
0.017707896931966144
0.017668091556761
0.017627459849251643
0.01758558759159512
0.017545758798387313
0.017506451675626967
0.017467927026748657
0.017428985277811688
0.017390126291910807
0.017351547718048095
0.017313334205415514
0.017275700998306276
0.01723870841662089
0.017201579480701022
0.017164460304048328
0.017127872467041016
0.017090951183107165
0.017055051369137236
0.017020077493455674
0.01698459538883633
0.016948907253477308
0.016914542871051364
0.016880731550852457
0.016846522437201607
0.016814690510431926
0.016781998199886745
0.016750391197204593
0.016719545888900754
0.01668873307440016
0.016658029948340522
0.01662872520552741
0.0165982861995697
0.016568815883000694
0.016540948745939466
0.016512010049819947
0.016483015314737958
0.016454420047336153
0.01642617835998535
0.016397864468892413
0.0163689730114407
0.016340186972088284
0.016312230337990657
0.016284299914042153
0.016256419748730128
0.016228355089823406
0.01620093902481927
0.0161723403400845
0.016143024635314942
0.016114430803722806
0.016086912208133273
0.016060222678714327
0.016033950646718344
0.016008357863956026
0.015982553402582804
0.01595716937912835
0.01593226926591661
0.01590722024705675
0.015882460827297634
0.015857850159539118
0.01583459179666307
0.015810756529702083
0.015787717654969956
0.015764259725146824
0.01574117441177368
0.015717597405115764
0.015694591501024036
0.01567218992975023
0.015648699961768257
0.01562577723926968
0.015602161942587959
0.015579089948866103
0.015555856619940862
0.015533583254284328
0.015510294273164535
0.015487883546617297
0.015466240957048204
0.015443867344326444
0.015420740185843575
0.01539830263985528
0.015375935607486301
0.015353959226608276
0.01533077073097229
0.015309237294726902
0.01528668727344937
0.015265382485919528
0.015243430868784586
0.015222276963127983
0.01519928027788798
0.0151763739850786
0.015154652611414592
0.015131914133495754
0.01510995021926032
0.015087405639224581
0.015064744022157458
0.015042766634623209
0.015020066277186076
0.014998853153652614
0.014977780866622924
0.014958007197909884
0.014935993978712295
0.014913417132695518
0.014891872384813098
0.014870503754085964
0.014849908526738485
0.014828751272625394
0.01480763824780782
0.014785510110855101
0.014763772842619153
0.014742711724175347
0.014722139210171169
0.01470147884156969
0.014682024844487506
0.01466079641977946
0.014640166494581434
0.01462026153670417
0.014599527994791667
0.014579244814978706
0.014558555417590671
0.014537471744749281
0.014517609278361003
0.014498231887817382
0.014478725465138755
0.014458022684521144
0.014437460931142173
0.014416835647159152
0.014396610551410251
0.014376428529951309
0.014356220764584012
0.014335679403940838
0.014313735172483657
0.01429384691450331
0.014272994364632502
0.01425210191938612
0.014232448355356853
0.014213745069503785
0.014193557786941528
0.014175591532389323
0.014155408504274157
0.014137085506651137
0.014117773718304104
0.014099141523573134
0.014079329718483819
0.014060130336549547
0.014041825728946262
0.014023362249798244
0.014006528600056965
0.013988691907458835
0.013970683172014026
0.013953241475423178
0.013935136212242974
0.013915189435746935
0.01389715051121182
0.013878311766518487
0.013860452959272598
0.013842448525958591
0.013823485713534886
0.013805124198065864
0.013787690549426608
0.01377047047085232
0.013752316098743016
0.013734180090162489
0.013715852710935804
0.013698160033755832
0.013680444616741604
0.013662927012973362
0.01364458131790161
0.013626594797770182
0.013608868106206257
0.013590991695721944
0.013573662938012017
0.013556356453895569
0.013538611888885497
0.013521518278121949
0.013504475842581855
0.013487253793080647
0.013470007710986668
0.01345364597638448
0.013435803651809693
0.013418868976169162
0.013401507616043092
0.013383209003342523
0.013367247562938266
0.013350678965780469
0.01333376046816508
0.01331721989578671
0.013300137729114956
0.01328427538341946
0.013267411401536729
0.013249803381496004
0.013232523412174648
0.013218043880992465
0.013202254170841641
0.013185187861654494
0.013168275287416245
0.01315291260348426
0.013136464892493354
0.013121080880694918
0.01310530763996972
0.013089476482073467
0.01307341479725308
0.013057891342375014
0.013041148357921176
0.013025526796446906
0.013009195518493652
0.012991891010602314
0.012978003485997517
0.012961282727453442
0.012945431799358791
0.012929780337545606
0.012913749633895025
0.012898165241877238
0.012881347690688239
0.012867274755901761
0.01285096980465783
0.012835092933972676
0.012819733574655321
0.012805346888966031
0.012789092993736267
0.01277412993643019
0.012758901103337605
0.012744141528341506
0.012728789554701912
0.01271432426770528
0.012699834095107184
0.012684713633855184
0.01267084752453698
0.012656458308961656
0.012641753360960219
0.012626794658766854
0.012612605412801106
0.012599472109476725
0.0125849156777064
0.012571306814087762
0.012557311407725017
0.012542828589015537
0.012529689592785305
0.01251568941010369
0.012502597377035353
0.012489696470896403
0.01247652190261417
0.012462938923305935
0.0124502575662401
0.012435388633939956
0.012421872676743401
0.012405466103553772
0.012393056474791633
0.0123788779841529
0.01236611353026496
0.01235353988541497
0.01234007188744015
0.012328287408086988
0.012315394526057772
0.012302796827422248
0.012290271711349486
0.012278281007872687
0.01226648907131619
0.012254609767595926
0.012241622548633152
0.012230272351370917
0.012217263632350497
0.012204352063602871
0.01219186007446713
0.012179785537719727
0.012167781043052673
0.012155314668019612
0.012142371397548252
0.012129648571544223
0.012118090324931675
0.012106699328952366
0.01209503867096371
0.01208317084842258
0.012070137911372715
0.012057565302318995
0.012045940105120341
0.012033662645022074
0.012020680226220024
0.012010150493515863
0.011997549165619745
0.011986988033188714
0.011975851498709784
0.011964431643486022
0.011952832635243734
0.011941239465607538
0.011929035833146836
0.011917963782946269
0.01190642843776279
0.011896293070581224
0.011884331806500751
0.0118721745967865
0.01186077831586202
0.011849161717626783
0.01183795182969835
0.01182693419456482
0.011815247342321608
0.011806967737939624
0.011796034728156195
0.01178551893234253
0.011775872808032566
0.011765375561184354
0.011754422264628939
0.01174322325123681
0.011731800768110487
0.011722604094611273
0.011711074659559463
0.011700869875484042
0.011689889738294814
0.011679035390747917
0.011668787757555643
0.011657910613218943
0.011647089280022515
0.011635866623454625
0.011626600635051727
0.011616024278269875
0.01160558565457662
0.011595222216182284
0.011584688475396898
0.011574595419565837
0.011563926410675048
0.011552570352289413
0.011541881301667955
0.011532057457500034
0.011520402634143828
0.011511555239889356
0.011501753434869979
0.011492425825860766
0.011482633998658922
0.011471687865257263
0.01146110033194224
0.011450770995352003
0.011439052953985002
0.011429981434345244
0.011418495180871752
0.01140771354171965
0.011397063587771521
0.011386740458011626
0.011377418082290225
0.011365916154119703
0.011356871627436744
0.011345401148001352
0.011335110296143426
0.011326117188400691
0.011315124298466575
0.011305586455927955
0.011295414872964224
0.011285434189107683
0.011276919739776186
0.011267280378606585
0.01125691179699368
0.011248232053385841
0.011237911648220486
0.011229499400986566
0.011220054033067492
0.011210794038242764
0.011200877975092994
0.011191044726636675
0.01118130036857393
0.01117094157271915
0.01116102612680859
0.0111520886487431
0.011140540487236446
0.011130775452984704
0.011120900387234157
0.011112576456864675
0.011102979148758782
0.011092816905180615
0.011083855497837067
0.011071728603045146
0.011061636245250703
0.01105147048632304
0.01104124641948276
0.011031848459773595
0.011021565871768528
0.011013220106230842
0.011003608952628242
0.01099490382671356
0.010985691140757666
0.010976594487826029
0.010966914848486583
