0.036779872957865396
0.03675374380747477
0.036725269402398
0.0366937190161811
0.03665916902754042
0.03662032409244114
0.036576708751254614
0.0365275477303399
0.03647050641377767
0.03640201454162598
0.0363164694680108
0.036206615087721085
0.036058365164862737
0.03585035875108507
0.03554426873524984
0.035082548226250544
0.034414587465922034
0.0335523324754503
0.03258722576565213
0.031635671446058486
0.030816420131259493
0.0301680662367079
0.02967085363599989
0.029295005883110896
0.02901321308347914
0.02879334921307034
0.028611806848314075
0.028454426564110652
0.028311675294240314
0.028177360089619956
0.028047953785790336
0.02791921509636773
0.027792155848609078
0.02766755084991455
0.027544975980122885
0.02742266313764784
0.027302055644989012
0.027181709236568874
0.02705967216491699
0.026935579956902395
0.026806486225128174
0.026672932222154402
0.026533675320943195
0.02638817598554823
0.026235414197709826
0.02607667204538981
0.025913495572408043
0.025748968198564315
0.025588648732503255
0.025433516597747802
0.02528602016237047
0.0251470716158549
0.02501663967768351
0.02489223795996772
0.024772488763597274
0.024656443373362223
0.02454247193866306
0.02442955355114407
0.02431805404027303
0.024207421493530275
0.02409858218299018
0.02398944736056858
0.02388221293555366
0.02377534935209486
0.02367189554638333
0.023568400986989337
0.023466139284769694
0.023364021735721163
0.023263065740797256
0.02316382204691569
0.023066476175520156
0.022968937121497262
0.022874607298109268
0.02278128219180637
0.022689524714152018
0.02259996557235718
0.022512503083546957
0.022427866543663875
0.02234441598256429
0.022261718241373695
0.02218059957292345
0.022101762930552164
0.02202435590955946
0.02194784961276584
0.02187319218317668
0.021800454574161104
0.021728527789645725
0.0216583178308275
0.0215899377822876
0.021522125064002143
0.021455359511905248
0.021390328449673122
0.021325057379404704
0.021261795298258463
0.021198930051591663
0.021136214796702066
0.021074728944566516
0.02101350366804335
0.02095207855436537
0.020892329989539254
0.0208328126695421
0.020773809496561685
0.020715524737040202
0.0206579529232449
0.020600051159328885
0.020542034986284045
0.020485058996412488
0.020427850204043918
0.02037085458967421
0.02031362680859036
0.02025713439517551
0.020201837221781413
0.020145978938208686
0.020090756850772433
0.02003630175060696
0.01998033749262492
0.019925145954555936
0.019869003666771783
0.019813723447587757
0.0197586347050137
0.0197045375612047
0.01965035451253255
0.01959713715977139
0.019543546109729342
0.01949013165367974
0.01943760874006483
0.01938469515376621
0.019333170498742
0.019281990077760484
0.019231696849399144
0.019182625076505873
0.019133395703633628
0.019084560696283975
0.019036160273022122
0.018987980439927842
0.0189398709403144
0.01889152766333686
0.018845382208294337
0.01879881487952338
0.01875292016135322
0.018706845013300576
0.018661811293496023
0.018617826562457612
0.018573454729715985
0.018530804432762994
0.018487730990515813
0.018445508644315933
0.018403183470831978
0.01836099394692315
0.018318679014841716
0.018276415978537665
0.01823474203215705
0.018194732326931425
0.018154361957973902
0.018114233202404448
0.018075249915652805
0.01803540759616428
0.017997451363669502
0.017958454301622177
0.01791972942352295
0.01788256544007195
0.017845256641176012
0.017808026721742417
0.017772475094265407
0.01773690275616116
0.017699594020843507
0.01766404775513543
0.01762866949505276
0.0175938188234965
0.01756009751955668
0.01752533491452535
0.01749227777057224
0.01745902370876736
0.017426424890094334
0.017394461165534125
0.01736230903201633
0.01733036554654439
0.017299743191401165
0.017268496831258136
0.017237115383148194
0.017206035380893284
0.01717527279853821
0.017144956265555487
0.017115028360154896
0.01708582084443834
0.017055779123306275
0.017026167832480538
0.01699848343531291
0.016970124912261964
0.016942168050342137
0.016913431072235106
0.016885440587997437
0.016856611352496675
0.016829467768139306
0.01680268104341295
0.0167752044889662
0.016747429508633085
0.016720667208565607
0.016692906914816962
0.016664170259899563
0.016636502758661905
0.01660937276416355
0.01658277077674866
0.016555728626251223
0.016530149878395926
0.016504293171564738
0.01648003765741984
0.01645314423243205
0.016428472741444905
0.016403539360894098
0.016381294933954873
0.01635651561419169
0.016331487353642784
0.01630677187707689
0.016283410088221234
0.01625979331334432
0.016236196608013575
0.016213145250744288
0.016189260906643337
0.016166395298639936
0.016144761170281307
0.016122327348921033
0.016099652650621202
0.016075766801834108
0.01605207494629754
0.016029213688108654
0.01600626130633884
0.015983877229690552
0.015961901336246066
0.015940706470277576
0.015918968057632446
0.015896719058354696
0.015874943399429322
0.015852845361497666
0.01583162567880419
0.01580949240260654
0.01578801577885946
0.015767145289315117
0.015745196872287325
0.015724202420976427
0.01570207592646281
0.015681591288248697
0.015660358741548325
0.01563976632224189
0.015618937582439846
0.015598703410890367
0.01557840707567003
0.015558796654807196
0.015538796345392862
0.015517614528867935
0.015496853076087105
0.015477256181504992
0.015457930109235974
0.015438686577479044
0.015419170681635537
0.015399797534942628
0.015380281188752917
0.01536105366812812
0.015342512337366738
0.015323466184404161
0.015304782051510282
0.015285551908281115
0.015266806109746296
0.0152481278207567
0.015227386956744726
0.01520806162092421
0.015187710158030193
0.015168502839406333
0.015148978175057304
0.015130030308829413
0.015112757168875801
0.015094682089487712
0.015076354307598539
0.015058257150650024
0.015040135759777494
0.015022205893198649
0.015004599926206801
0.014986369297239517
0.014968131155437893
0.014951847966512045
0.014934630653593274
0.014916580782996283
0.014899405908584596
0.014882733180787828
0.014865998352898493
0.014848619492848715
0.014831818623012968
0.014814861541324192
0.014797934606340196
0.014780673366122774
0.014763721508449979
0.014747508382797241
0.01473035324414571
0.014714025767644247
0.014696598985460071
0.014680041636361017
0.014662235196431478
0.014645202334721883
0.014628685924741957
0.014611244175169203
0.014595779122246634
0.01457801956600613
0.014561122767130535
0.014542903979619343
0.014527451536390516
0.014510850927564831
0.014494134701622856
0.014477215152316623
0.014460443819893733
0.014444218439526028
0.014427102226681181
0.014411012421713934
0.01439387557771471
0.014376801787482369
0.014359735420015122
0.014343007601632011
0.014326734129587808
0.014309741406970555
0.014291718485620287
0.014276060390472411
0.014259144581688775
0.014242433969179789
0.014226054766443041
0.014210609465175205
0.014193752389483982
0.0141777981572681
0.014163311971558465
0.014146152453952366
0.01412925745646159
0.014110945222112868
0.014095615969763862
0.014079799795150756
0.014064189479086133
0.01404657202296787
0.014029697529474893
0.01401339144176907
0.013997284939554003
0.01398286136786143
0.013967403901947869
0.01395072811179691
0.013935858074824014
0.013920829198095534
0.01390632214281294
0.013890769569079081
0.013876059529516432
0.013861976138750712
0.01384696311155955
0.013831830848587884
0.013817667078971863
0.013801828747325473
0.013786278629302979
0.013772207604514228
0.013756893452008565
0.013742084998554654
0.013727943462795681
0.013713756158616808
0.013699367170863681
0.013685104865498012
0.013671284601423476
0.013656625305281745
0.013641436190075344
0.013627117119895088
0.013611460982428656
0.013596907880571154
0.013582429811689589
0.013567985762490168
0.01355246606402927
0.013536947878201802
0.013520948931905958
0.01350583008395301
0.013490030336380006
0.013475545742776658
0.013460799958970811
0.013447353829277886
0.013431880842314826
0.013417971979247198
0.01340353090233273
0.013389312386512756
0.013375211151440938
0.013360486181577046
0.01334750755098131
0.013333619615766738
0.013319139093822903
0.01330368366241455
0.013289417921172247
0.013275629141595628
0.013262689651383294
0.013249381279945373
0.013235488888952467
0.013222652456495497
0.013208815722995334
0.013196357080671522
0.013183054706785415
0.013170065877172682
0.013156072696050009
0.013142999119228787
0.013129858856730991
0.013116962798436483
0.013103131911489698
0.013090661814477707
0.013078266297446357
0.013065189165539212
0.01305212295320299
0.013039312693807814
0.013026381095250448
0.013013619107670255
0.013000986207856073
0.012987767259279887
0.012974278995725844
0.012961085046662225
0.012949407958984374
0.012936548240979513
0.01292397410604689
0.012911995471848382
0.012899576891793146
0.012887419038348728
0.01287588840590583
0.012864093645413716
0.012852744703822666
0.012840174902809991
0.012829635111490885
0.012817443137698703
0.01280606395403544
0.012794860614670648
0.012783969635433622
0.012771086902088589
0.012759356583489312
0.012746784199608698
0.01273511181672414
0.012723421788215637
0.012710092133945888
0.012698480812708537
0.012687225400076971
0.012674632692337035
0.012662837311956616
0.012649717738893297
0.012637595425711736
0.012625897145271302
0.012614262413978576
0.01260290875169966
0.012591130781173706
0.012578966856002807
0.012567624772919549
0.012555865075853136
0.012544403391414218
0.012532215645578172
0.01252046791712443
0.012507405029402839
0.012494599106576708
0.01248313975599077
0.012470962376064723
0.012458481412463718
0.012445875774489508
0.012433633438746134
0.012421892166137696
0.012409802418284946
0.012398222539159986
0.012387295198440552
0.012374249256981744
0.012360895220438638
0.012349246652921041
0.012337399260203044
0.012325364581743875
0.012313640281889174
0.012302878250016107
0.012291440341207716
0.01227966115474701
0.012268213952912225
0.012257878724733988
0.012246711497836642
0.012234372761514452
0.012223981693055896
0.012211941231621637
0.012201019366582236
0.012190603431065879
0.012179446506500245
0.012168355695406596
0.012156970612208048
0.012146393511030409
0.012135674420992533
0.012123905454741584
0.012113790726661683
0.012101228737831114
0.012090357012218899
0.012080147422684562
0.012068755576345656
0.012058241717020671
0.012047428782780966
0.012036455676290725
0.012025256498654683
0.012015322139528061
0.012003517352210152
0.011992055161794026
0.01198218948841095
0.01197099890444014
0.011961232039663526
0.011950452944967481
0.011939790537622239
0.01193076243930393
0.011919686704211766
