0.03670005616082086
0.036691494178771974
0.03668264861636692
0.03667302023569743
0.03666208362579346
0.03664962287478977
0.03663539267645942
0.03661833021375868
0.036596942816840276
0.03656910328335232
0.036530972438388404
0.03647821559906006
0.03640373509724935
0.03629348379770915
0.03612126168145074
0.03581876099904378
0.03523521762424045
0.034233299912346735
0.03298909417258369
0.031926042609744604
0.031192059633466936
0.030707767942216663
0.030363283528221978
0.030106225130293107
0.029902273156907824
0.029731788285573324
0.029581416522132024
0.0294464034292433
0.029322137875027125
0.029205070453219947
0.029091469701131183
0.028982892672220865
0.028878432432810467
0.028774170472886825
0.02866966566509671
0.02856422677569919
0.028456801478068037
0.028346075714959038
0.02823268674214681
0.028115393511454267
0.02799405992296007
0.02786918149524265
0.027737346765730114
0.02759797200096978
0.027452244769202338
0.02729910469055176
0.02713862116071913
0.026975044462415908
0.026810396416982015
0.026651343483395047
0.02650046435462104
0.026360584343804255
0.026229862933688695
0.026106718815697563
0.025988304297129314
0.025873366377088758
0.02576129657957289
0.02565099915398492
0.025541691313849556
0.025433651574452716
0.02532588724560208
0.025219309679667155
0.02511447123421563
0.02500950910780165
0.024905820486280653
0.02480256856282552
0.024701108837127686
0.02459950525495741
0.024499188454945885
0.024398964839511445
0.02429944593641493
0.02420201252831353
0.02410624829398261
0.02401058807373047
0.02391759196387397
0.023824811469184026
0.023734773508707684
0.023646106592814128
0.02355918434990777
0.023472091070810955
0.023387187650468613
0.023301867898305257
0.02321801355150011
0.023136535739898684
0.023056969070434568
0.022979142231411405
0.022902161937289767
0.022827331797281903
0.022753126292758517
0.022679640600416395
0.022607489077250163
0.022536970551808675
0.02246691805521647
0.022398282368977864
0.022330576101938882
0.02226503545973036
0.022199889013502335
0.022135728189680313
0.022072914134131538
0.022011673884921604
0.021950489732954236
0.021890656153361002
0.02183187166849772
0.021774469778272843
0.021716160922580295
0.021659699079725477
0.021601237434811064
0.021544794517093235
0.021488697157965767
0.02143345175849067
0.021379533131917317
0.02132626061969333
0.021274133692847357
0.021221983814239502
0.021170515007442898
0.021120661216311985
0.021068987708621555
0.021018866761525472
0.02096891091664632
0.02091923433939616
0.02086974155637953
0.020819979688856335
0.020769934643639458
0.020720567417144776
0.020673367002275258
0.020625956842634414
0.020579100439283585
0.020533483007219105
0.020488947762383355
0.02044484085506863
0.020401343441009523
0.020357779195573595
0.020314382108052573
0.020272093200683593
0.0202297679371304
0.02018721476660834
0.020145716105567084
0.02010390273200141
0.020062880187564427
0.020021301047007244
0.0199805890083313
0.019940158006880017
0.01989981838862101
0.019859331035614013
0.019819031694200306
0.019778729724884033
0.019737830532921684
0.01969789694680108
0.01965779985851712
0.01961775566736857
0.019578072113460965
0.019538114240434435
0.019500024806128606
0.019461308977339
0.019422457875145804
0.01938362318674723
0.01934535730150011
0.01930732063187493
0.019268508137596976
0.0192304433716668
0.019191671387354534
0.01915373046663072
0.019114977916081747
0.019076741859647965
0.01903968013657464
0.01900155890782674
0.018964128928714328
0.018928516552183364
0.0188928046491411
0.018856514088312785
0.018820869117312962
0.01878625202178955
0.018750295045640734
0.018716926436954072
0.018682347557279797
0.018648321692148844
0.018615224674012925
0.018582202831904093
0.018549313608805337
0.01851488585472107
0.018483343834347195
0.018451618040932552
0.01842015388806661
0.01838890953063965
0.018358167839050293
0.0183276803917355
0.018297175555759007
0.018265722211201985
0.01823569846153259
0.018205787542131213
0.018175818385018243
0.018147014527850683
0.0181188624382019
0.01809004125595093
0.018062279854880438
0.018034339311387804
0.018006954696443346
0.017979578420850968
0.01795215865241157
0.017925690889358522
0.017899380599127875
0.017873335981369018
0.017846757645077174
0.017821271122826467
0.01779550527996487
0.017770177274280125
0.017745284827550254
0.017719368839263915
0.01769430619345771
0.017668329265382556
0.01764251299964057
0.017617223257488674
0.01759105477333069
0.017564963727527194
0.017539015769958498
0.017512733427683513
0.017486399994956124
0.017461653158399794
0.017435701666937937
0.01741010518074036
0.017384629503885904
0.0173599566883511
0.017335174083709718
0.017309236669540404
0.01728505342271593
0.017260912317699856
0.01723505107031928
0.01721120465596517
0.017186704693900216
0.017163028293185764
0.017138976690504286
0.01711567143864102
0.0170928495672014
0.017070595592922636
0.01704837835099962
0.017025061813990272
0.0170021341058943
0.01698004955185784
0.01695687968995836
0.01693519164721171
0.016912668392393325
0.016890340089797975
0.016868893639246624
0.016847323682573107
0.016826045884026423
0.01680514503055149
0.016784717300203113
0.016763683695263334
0.016743412118487885
0.016723050451278688
0.016701940064960057
0.016682036966747707
0.016661366642846
0.016641084988911946
0.016619948318269517
0.016599561818440755
0.016576932615704008
0.016554341893725923
0.016532347959942288
0.016511898077858817
0.01649106250339084
0.016470667033725316
0.01645010616514418
0.01642923582924737
0.016410413222842746
0.016390359226862588
0.016370319551891752
0.016350758504867554
0.016330295202467177
0.016310298702451917
0.016290021599663626
0.016270372263590495
0.016250649722417198
0.016230986070632936
0.016211795388327704
0.016192004267374674
0.016173129892349244
0.01615275625122918
0.016133074463738333
0.016114905410342745
0.016095995489756265
0.01607624345885383
0.016057669719060263
0.016038307179345027
0.01601869035826789
0.016001120943493315
0.015981689384248522
0.015962018309699167
0.015944466378953723
0.015925345140033298
0.01590717670122782
0.015888444487253826
0.015869748979144626
0.01585105076366001
0.015831295421388412
0.015814330042733086
0.015795841291215685
0.015775748623741998
0.015758463017145796
0.015741320302751327
0.015722394190894235
0.01570338422457377
0.015685530620151097
0.01566731822755602
0.015648840104209052
0.015631902032428317
0.015614409759309555
0.015596421358320447
0.015579455592897204
0.015560600980122883
0.015544101508458457
0.015526587194866603
0.015508663739098445
0.015491249884499445
0.015472797383202447
0.015456269550323485
0.015439310365253025
0.015421990977393257
0.01540510885980394
0.015387761349148219
0.015372233014636569
0.015353718537754484
0.015337529193030462
0.015321412351396349
0.015304687179459465
0.015288662547535366
0.015273177472750345
0.015256150235070123
0.015241554450988772
0.01522629730966356
0.015211112146907384
0.015196323850419788
0.015180204012658863
0.015164879655838013
0.01515073065492842
0.015135424073537192
0.015120556579695807
0.015106640021006265
0.015093023525344001
0.015077948723898992
0.01506304349369473
0.015048791376749674
0.015035313238037957
0.015020923373434279
0.015008070336447821
0.014994659805297851
0.014980642753177219
0.014966924889882405
0.014951671632130943
0.014938248083326553
0.0149227827390035
0.01490772102938758
0.014893584389156767
0.014879297929339938
0.014866642689704895
0.014852410742971632
0.014838734012179904
0.014825686110390557
0.014812149392233954
0.014799302580621508
0.01478586174911923
0.014771978033913507
0.01475942480829027
0.014745061673058403
0.014731609156396654
0.014717745031250848
0.014703982226053874
0.014690869935353595
0.014676879676183066
0.0146639154487186
0.014650305342674256
0.014637445187568664
0.014624488602744208
0.014611286232206557
0.014598023517926533
0.014584233342276681
0.014571931881374784
0.014556731104850769
0.014544234108924867
0.014531596393055386
0.0145177577469084
0.014505382445123461
0.014492051561673483
0.01448054817252689
0.014467395647366842
0.014454305415683323
0.014442506681548223
0.01442946423954434
0.014417252707481383
0.014405159250895182
0.014393157325850593
0.01438054715262519
0.014368273904588487
0.01435654947757721
0.014342764965693157
0.014329221849971348
0.014318023485607572
0.014305247449874877
0.014292423552936978
0.014279622096485563
0.014266846330960594
0.014254387288623386
0.014243014001846313
0.01423000424967872
0.0142179965628518
0.014207001540395949
0.014195598671171402
0.014183974207772149
0.014170708749029372
0.014157185671064589
0.014144680942429436
0.014133751559257508
0.014121185035175747
0.014109276212586296
0.014097354735268486
0.01408623632060157
0.014075271039538914
0.014062446268399555
0.01405148977968428
0.014039615541034275
0.014028164757622613
0.01401590510474311
0.014003954696655274
0.013993333212534586
0.013980983805656433
0.013969968756039937
0.01395914066367679
0.013947402196460299
0.013938280288378397
0.013928016482459175
0.013916567667325337
0.013904789058367412
0.013892860505315992
0.013882497760984634
0.013870686033036973
0.013858219573232864
0.013847317184342279
0.013834089395734998
0.013822593326038786
0.01381030727227529
0.013797385043568082
0.013786102922757466
0.013774258597691854
0.013763390300008985
0.013753605230649312
0.013742704648441737
0.01373061839474572
0.013720174765586854
0.013708629745907253
0.013697548437118531
0.013685584992832607
0.013674708202150132
0.013661607980728149
0.013650099317232768
0.013637484998173183
0.013626117380460103
0.013614568768607246
0.013603378960821364
0.013590935277938842
0.01358023648791843
0.013569194398985969
0.013557755780220032
0.013545910673671297
0.013534928512573242
0.013523408744070264
0.013511951902177598
0.013501148626539441
0.013488099326027765
0.013478109293513828
0.0134656733751297
0.013454545381334093
0.013442742625872294
0.013431825823254055
0.013423430673281351
0.013411698246002197
0.01340182889037662
0.013390868888960945
0.013378079689873588
0.013367514978514777
0.01335631328423818
0.013343708454238044
0.013333321860101487
0.013321450299686855
0.01330986315144433
0.013298742527431913
0.013285761284828187
0.01327433831691742
0.013261813977029588
0.013249438121583726
0.01323921001487308
0.013226970291137697
0.013214301941129896
0.013200615276230707
0.013190493212805854
0.013177556159761218
0.013167821955680847
0.013155175534884135
0.01314254335032569
0.013130074180497064
0.013118275751007928
