0.03334080590142144
0.026156268644332886
0.022123977986971535
0.01921293925974104
0.016986477828025818
0.01529224820335706
0.013921218270725674
0.012129939409097035
0.01177456955048773
0.010333747586276795
0.009097260991401143
0.008155676701499356
0.007171617130893799
0.007042321335027615
0.00697815809407168
0.006210967651175128
0.0063870443151642885
0.00664022307884362
0.005484615010540518
0.005350483277274503
0.005376318903163904
0.004702408179909819
0.004736006949966153
0.005418357047148876
0.004746071128666194
0.005107976139220409
0.004997634479734632
0.004694316994792057
0.004634986734638612
0.004521634004575511
0.004498483583579461
0.004251799971113602
0.003862166593347987
0.0038682802667116957
0.004338477742506398
0.003992769349159466
0.004614717599314948
0.0037857578959729936
0.0041204559379153785
0.0041388823529084524
0.0032836369761369295
0.0037231632398253877
0.0034550583236850796
0.0026647327672845375
0.0037450712856008776
0.003904094633242736
0.002689460072402532
0.003947786196031504
0.004014519078077541
0.002537025365186855
