0.03322566570705838
0.026131019189622667
0.02295407550070021
0.020430356285307143
0.017640590675671895
0.015130510436164007
0.013435307700104183
0.011843197571569018
0.010613257476356294
0.00999550343785021
0.009787878372271856
0.00858470134900676
0.00793394964453247
0.007658837818106016
0.007033729288975398
0.006302770850476291
0.00599624635933174
0.006396143963436286
0.005919541491568089
0.005419277746395932
0.005220457564045986
0.005212943688448933
0.006027866337365574
0.004826881990126438
0.004197279604048365
0.004570395478606225
0.004969107160427504
0.004907409880600042
0.004599444741962684
0.004116556976073318
0.00449638025884827
0.0036642025777035288
0.0050513078314148715
0.004136024235706363
0.003592532485257834
0.004804501438182261
0.0037379942177898353
0.0032572243967921373
0.004049212386252152
0.003847635952879985
0.0031403645201482705
0.004092368846924768
0.004282826177641335
0.004058916561678051
0.0032595098761634693
0.00436089158968793
0.0029652656797733573
0.003198523935328962
0.004223675863444805
0.0040330894122521084
