0.03632151165008545
0.03632656332651774
0.036330354033576116
0.03633274006313748
0.03633296199374729
0.036330565198262534
0.036324837197197805
0.03631517770555284
0.03629971913231744
0.036275643242730034
0.03623844966888427
0.03618029496934679
0.036091766738891605
0.03595883958604601
0.035751891602410206
0.035408594470553924
0.03481193765004476
0.03388681714799669
0.03275298524432712
0.031653097354041204
0.03077694971296522
0.030124906741248233
0.02964278557035658
0.029282202392154268
0.029014375262790257
0.02881017559899224
0.028646970664130314
0.028508282650841606
0.028384115642971462
0.02827171145545112
0.028161968665652803
0.028056141249338785
0.027953188769022624
0.0278491899172465
0.027742394097646075
0.027632847637600367
0.027520935164557562
0.027404915491739908
0.027284842194451226
0.02715901183022393
0.027027565500471327
0.026888192950354682
0.026741448476579454
0.02658513866000705
0.02641725237104628
0.026236584197150335
0.02604662381278144
0.02585021008385552
0.02565445958243476
0.025464469676547582
0.025285658433702257
0.025120606454213462
0.024968614694807264
0.02482755644056532
0.024695613214704724
0.024570063930087618
0.024449418926239013
0.02433357824749417
0.024219748401641844
0.02410475188361274
0.0239924634191725
0.023881732919481067
0.02377342743343777
0.023667185158199735
0.02356145714653863
0.023457733800676134
0.02335507641898261
0.02325553713904487
0.0231567987230089
0.023058053535885283
0.022960514460669622
0.0228644793510437
0.02277108304765489
0.022678965483771428
0.02258992132610745
0.022503099324968127
0.022417553181118433
0.02233491521411472
0.022253262223137747
0.022173924022250706
0.022097215419345433
0.022022154892815487
0.02194910813437568
0.021878007009294296
0.021808731333414714
0.02174158911175198
0.021676443894704182
0.02161223587459988
0.021549783166249593
0.021489561780293782
0.02143037133746677
0.02137259562810262
0.02131557516521878
0.021259918138715958
0.02120603438483344
0.021152398331960042
0.02109962029986911
0.021048877822028265
0.02099901515112983
0.02095042683283488
0.02090316242641873
0.020857150406307645
0.02081124243206448
0.020766763506995307
0.02072248814900716
0.020677913771735296
0.020632693163553876
0.02058981989754571
0.020547388956281876
0.02050657866795858
0.020466072209676105
0.02042661157184177
0.020387361023161146
0.020349317905637952
0.02031187483469645
0.020275686195161607
0.020239261378182306
0.020203230222066243
0.020167904827329847
0.02013288262155321
0.02009799582693312
0.020063520198398167
0.020028470998340184
0.019992933723661635
0.019958141088485717
0.019923484881718953
0.01988883907000224
0.019855552037556966
0.01982141212357415
0.01978816508187188
0.019754604048199124
0.019720734760496354
0.019687678686777753
0.019655427402920193
0.019621602148479887
0.01958710117869907
0.019553585921393498
0.019521064790089925
0.019487899992201064
0.01945559859805637
0.019423487710952758
0.019391844341490005
0.019359812132517498
0.019329183626174924
0.019297962374157377
0.019267004950841268
0.019236101489596896
0.01920508295165168
0.01917448107931349
0.019144499333699546
0.01911429764429728
0.019084392086664837
0.01905437943670485
0.01902413862546285
0.018994070386886597
0.018963625054889254
0.01893441316816542
0.018904344357384577
0.018874652936723496
0.018845498810874092
0.018817613405651516
0.018789581198162503
0.018762466669082642
0.018733813450071548
0.018705061875449288
0.018677285194396973
0.01864889316029019
0.01862209893332587
0.01859538101620144
0.018569304757648043
0.018544912401835124
0.018518870459662544
0.018493115101920234
0.01846821493572659
0.018444330241945056
0.01841938736703661
0.0183945015112559
0.018370349873436824
0.01834500291082594
0.01832081037097507
0.01829697827763028
0.01827288949754503
0.018250036191940308
0.01822701676686605
0.018204664346906874
0.01818177308506436
0.01815930420027839
0.01813659496307373
0.018114079809188843
0.018091648462083606
0.01806871820555793
0.018046904876497055
0.018025600952572295
0.018004247511757745
0.017982963217629325
0.017960896984736126
0.017939314333597817
0.017917412185668946
0.017896003346972993
0.01787319057782491
0.017850174517101712
0.017828381257587008
0.017806644895341662
0.017784924533632066
0.017763207721710205
0.0177418354511261
0.017719264713923134
0.017698154841528996
0.017676655785242718
0.017653355079227023
0.017632070679134793
0.017609633742438423
0.017588792022069297
0.017567808230717977
0.0175454494688246
0.017523709689246283
0.017501692798402576
0.017479068247477213
0.017456676811642115
0.017434967999988133
0.01741366144286262
0.01739286838637458
0.01737164265314738
0.017349893818961248
0.017328301270802815
0.017306627231174043
0.017284455140431722
0.01726331721411811
0.017241017765469022
0.017218953418731687
0.017197125408384535
0.017176682647069296
0.0171560322549608
0.01713443072107103
0.01711398091316223
0.017092322651545207
0.01707054794629415
0.0170494823773702
0.01702809860971239
0.01700724352730645
0.016986175754335194
0.016964066855112713
0.016943750397364298
0.016923062541749745
0.016902660507626004
0.01688175943162706
0.01686142970191108
0.01684071012602912
0.01681958279079861
0.01679943993356493
0.01677788732316759
0.016757018862830268
0.016735234594345092
0.016713930649227566
0.01669320413271586
0.01667237991756863
0.01665335898399353
0.016632585673862034
0.016611657540003457
0.016590711291631064
0.016570362260606552
0.016550362894270157
0.016529195075564915
0.01650899027718438
0.0164888364844852
0.016467991643481783
0.016447121312883166
0.01642725451787313
0.01640751985443963
0.016387744633356727
0.01636824293136597
0.01634803697268168
0.016328550889756942
0.01630821593072679
0.01628834431966146
0.016269120793872407
0.016250364128748574
0.016230540307362876
0.016211227109697128
0.01619218626022339
0.016173839939965143
0.016154689084159003
0.01613613738483853
0.016118933227327135
0.01609931935734219
0.01607959903611077
0.01606048426628113
0.01604105087916056
0.016021186399459836
0.016001496760050454
0.015981360006332396
0.015962139744228786
0.01594255134264628
0.015922976048787438
0.015903863779703778
0.015883751726150513
0.01586361829439799
0.0158430567211575
0.015824185011121962
0.015805125215318468
0.015785976870854694
0.015766938326093886
0.015748645099004113
0.01572813728120592
0.01570927767753601
0.015689619705412123
0.015671374532911512
0.015652460225423177
0.015633017773098414
0.015614122698042129
0.01559503492779202
0.015577677339977688
0.015559036885367498
0.015539127323362562
0.015521739122602674
0.015503361262215508
0.015484176180097791
0.015467544560962254
0.015449791304270427
0.015431834512286717
0.015412956709331935
0.01539551323784722
0.015377548456192016
0.015360134225421481
0.015342936250898572
0.015325613832473755
0.015309593338436551
0.015292199283176
0.015275747998555501
0.01525889737341139
0.015241613313886855
0.015224430094824897
0.015207723177803887
0.015190616289774576
0.015175481245252823
0.0151592224544949
0.0151423595878813
0.015126446821954517
0.015110545547803245
0.015093350394566853
0.015077698418829177
0.015062188010745577
0.01504684451421102
0.015031501852141487
0.015016183519363402
0.015000777128007677
0.014984477501445345
0.014969334019554985
0.014954070822397868
0.014939956869019404
0.014925394919183519
0.014910629934734769
0.014896972529093425
0.014883685342470806
0.014869130110740663
0.01485482637087504
0.014840021737416585
0.014824891016218398
0.014810939357015824
0.014797251433796352
0.014783379607730442
0.014769361260202197
0.014753609177801344
0.014739765893088445
0.014726906585693358
0.01471312068303426
0.01469950537946489
0.014685233913527595
0.014671334240171644
0.014655805945396424
0.014640754996405709
0.014626877805921765
0.014613056026564705
0.014599782647026908
0.014586239274342855
0.014573627358012731
0.014559399469693502
0.014545705789989894
0.014532629601160687
0.014518684622976515
0.014505163258976406
0.014491995424694485
0.01447853364414639
0.014464675593376159
0.014451885673734876
0.01443885102007124
0.014425674282179939
0.0144125092347463
0.014400134762128194
0.01438916572994656
0.01437637983693017
0.014362906863954332
0.014350455273522272
0.014337099978658889
0.014324527888827855
0.014311183614201016
0.01429898776743147
0.014285768090354072
0.014273157087961832
0.01426004843182034
0.014247724956936306
0.014234279211362203
0.014221977273623149
0.014209415128495958
0.014198316309187147
0.014186008930206299
0.0141738588836458
0.014161122992303637
0.014149132845136853
0.014137250354554917
0.01412566531499227
0.014113075942463344
0.014100837278366089
0.014088248229026795
0.014076508360438876
0.01406451425022549
0.01405291056368086
0.014041408197085064
0.01402956702709198
0.0140181112686793
0.014006868675020006
0.013994212659200032
0.01398245088259379
0.013970525566736856
0.013958635361989338
0.013947421823607552
0.013935105760892233
0.013923694348335267
0.01391166153219011
0.013899515297677781
0.013888989228672452
0.01387698585457272
0.01386552813053131
0.013854538329442343
0.01384278130001492
0.013831790108150905
0.013820868905385336
0.013810118873914083
0.013799156273735893
0.013789362525939942
0.013778644535276625
0.01376795527405209
0.01375809642208947
0.01374731351269616
0.013736789364284938
0.013725985892613729
0.013715465757581922
0.01370459574593438
0.013693810190094842
0.013682818630006578
0.013671665189001295
0.013660755117734274
0.013649979533089532
0.013638578754001193
0.013628034983740912
0.013616029490364922
0.013604506413141886
0.013593290257453918
0.013581687635845607
0.01357027436627282
0.013559330095185175
0.01354891913731893
0.013537246023284065
0.013526024172041151
0.013515101830164591
0.01350443462530772
0.013493349223666722
0.01348268384138743
0.013472023402320014
0.013461590107282003
0.013451036908891465
0.013439145294825237
0.013429373820622762
0.013418656696213617
0.013407560385598077
0.013396135852071974
0.013384999002350701
0.01337345556418101
0.013363247683313158
0.01335324290063646
0.013343628724416096
0.013333233812120225
0.013322126905123393
0.013311543740166557
0.013301318751441108
0.013290950870513917
0.01328094391822815
0.013270418810844422
0.01325968215200636
0.013248880508210924
0.01323811494509379
0.013229048652119107
0.013217926836013794
0.013208565208646987
0.013198048779699538
0.01318854390780131
0.013178942216767206
0.013169065684742397
0.01315881954828898
0.013149474522802565
