0.035134966108534074
0.035157149717542864
0.03517484357621935
0.03518740611606174
0.03519484850565592
0.03519523764716254
0.03518645877838135
0.03516464180416531
0.035125228394402394
0.035057496049669054
0.03494630828433566
0.034756423377990724
0.03442186689376831
0.033807747173309324
0.0326466809908549
0.030717162598503957
0.02822649337980482
0.02558060973485311
0.02309864798651801
0.02103309733602736
0.019510929785834418
0.018448087279001872
0.017705025164286296
0.017174841213226318
0.01677559822400411
0.01646201563411289
0.016206533511479694
0.01598971821467082
0.01580229187541538
0.01563679395781623
0.015488570955064562
0.01535346474117703
0.015230612723032633
0.015115614875157673
0.015007722997665405
0.01490455944273207
0.014804898971981471
0.01470769429206848
0.014610816537009347
0.014514636664920384
0.014415700027677749
0.0143147696018219
0.014210514730877347
0.014100168063905504
0.013984110938178168
0.01386311477555169
0.013736202817493015
0.01360628261036343
0.013477654361724854
0.013355452171961466
0.01324322329097324
0.013142460584640503
0.013051922014024522
0.012969274144702487
0.012892990737491184
0.012821464649836222
0.012753414318296644
0.012687342723210652
0.012623868905173408
0.012561846733093261
0.012501671144697402
0.012441554387410481
0.012381184387207032
0.01232257137828403
0.012264164707395766
0.012207389391793144
0.012152115927802193
0.012097469483481513
0.012043847121132744
0.011991818618774413
0.011940093262990316
0.011889202965630426
0.011839730056126912
0.011792537366019356
0.011745691755082872
0.011699940967559814
0.011655187220043606
0.011611415184868705
0.011568000014623006
0.011525185086992051
0.011483551232020061
0.011442218446731567
0.011402011929617987
0.011362863328721788
0.011324322006437513
0.011286362139383952
0.01124867697291904
0.011211965364880033
0.01117620334095425
0.011140618149439493
0.011105983050664266
0.011071453671985202
0.01103719718721178
0.011003726153903538
0.010970572058359782
0.010937396764755249
0.010905055989159479
0.010872983847724067
0.010842035749223497
0.010811227305730184
0.01078113908237881
0.010751198519600763
0.010722573063108656
0.010693936358557806
0.01066652880244785
0.0106391983350118
0.01061165550549825
0.010584549956851536
0.010558746976322598
0.010532220872243245
0.010507030895021226
0.01048203296131558
0.010457548745473227
0.010433031871583728
0.010408000214894611
0.010383391785621643
0.010358668573697409
0.010335238435533311
0.010311707292662727
0.010288748804728189
0.010265492277675203
0.010242735902468363
0.010220747645696004
0.01019866763220893
0.0101780060450236
0.010157440437210931
0.010136963219112819
0.010117176977793376
0.010097316008143955
0.010077715312110054
0.010057961037423875
0.010038778230879042
0.010019444955719842
0.009999509403440687
0.009979103994369506
0.00995926381746928
0.009940156613455878
0.00992217473718855
0.009904642830954657
0.009886083179050022
0.009867710691028172
0.009849947987662422
0.009831955681906805
0.009813877542813619
0.009796167098151313
0.00977815469370948
0.009761445140838624
0.009743983271386888
0.009727562504344516
0.009710684855779013
0.009693969893455506
0.009676180405086943
0.009659528991911148
0.009642876323064169
0.009626690120167201
0.00961033223470052
0.009594533149401346
0.009578471904330784
0.009562974050309923
0.009547657680511475
0.009532674905988905
0.009517327263620165
0.009502121244536506
0.009487385601467556
0.009472475589646234
0.00945840753449334
0.009443146663241916
0.009428843137953016
0.009415201568603515
0.009401591142018636
0.009386869965659248
0.009373736490143671
0.009360073937310113
0.00934688303205702
0.00933393250571357
0.009320918782552083
0.009308460836940341
0.009295579979154799
0.009283169825871785
0.009270135262277391
0.009257353610462612
0.00924420847362942
0.009231970646646288
0.009219262618488735
0.00920734708574083
0.009194984250598484
0.009183830695682101
0.009171760450469123
0.009160278503100076
0.009149269721243117
0.00913777187930213
0.009125945311122471
0.009114419343736437
0.009102887007925246
0.00909091702832116
0.009079346452818977
0.009067307064268325
0.00905601249270969
0.009044031116697524
0.009032497498724196
0.009020973772472804
0.009010083219740126
0.008998752363522848
0.008988286934958565
0.008977795486980014
0.008966504364543491
0.008954770112037658
0.008943237312634786
0.008933013902770149
0.008922163767284818
0.008912364766332838
0.008901738278071085
0.00889136287636227
0.008881692714161343
0.008871650409698485
0.008862311802970039
0.008852376365661621
0.008842492233382331
0.008832670158810086
0.008823574749628704
0.00881405180030399
0.008804590675565932
0.008795129047499763
0.008785387481583489
0.00877607549296485
0.008767061286502415
0.008758166461520726
0.008748546295695835
0.008739527461263868
0.008730603337287902
0.00872145484553443
0.00871258675787184
0.008704290797975328
0.008695229758156672
0.008686743087238736
0.008678106485472785
0.008669446537229751
0.00866027283138699
0.008651788489023845
0.008642828191651238
0.008634543662601047
0.008625725441508823
0.008617284591992697
0.008608682094679939
0.008599901564915975
0.008590750413470797
0.008582303629981147
0.008573280074861314
0.008564356806543138
0.00855590705341763
0.008547330445713467
0.008538355904155307
0.008529648155636256
0.008520442408985562
0.008511402368545532
0.008502768715222677
0.00849391397105323
0.008485130053096347
0.00847588869465722
0.008466938339339362
0.008458298680517408
0.008449893429544237
0.008440983494122823
0.008432193803787232
0.008423513356844584
0.008414980379740398
0.008406289903322857
0.008397125710381403
0.008388464694552952
0.00837986601723565
0.008371988781293234
0.008363998934957716
0.00835601053767734
0.008347453978326586
0.00833900580406189
0.00833097477753957
0.008322880405849881
0.008313658282491896
0.008304619680510626
0.008296339903937446
0.008288147277302212
0.00827977815998925
0.008271515096558464
0.008263185996479457
0.00825480505625407
0.008246498012542723
0.008238527369499206
0.008230675596661038
0.008222519347402785
0.008214154905743069
0.00820589034822252
0.008198095973332724
0.008189386627409194
0.008181946425967746
0.008174412655830384
0.00816654696729448
0.008159048459264967
0.008151742429203458
0.008144484008683098
0.008136791743172538
0.00812882682747311
0.008121644764476353
0.008113781571388244
0.008105863544676038
0.008098739626672534
0.008091296932432386
0.00808451586564382
0.008076954248216417
0.00806944991217719
0.00806263391441769
0.008054980436960856
0.008047869367069669
0.008041284500228034
0.008033734838167826
0.008027129250102572
0.008020111642943488
0.008013270192676121
0.008006578003035652
0.007999199591742622
0.007993125104904174
0.007986384158664279
0.007978641390800477
0.007971670863363478
0.007964993294080099
0.007958823050392999
0.007951772586504618
0.007945736228095161
0.00793881826400757
0.007932465773158603
0.007924605260954962
0.007917440676689147
0.007911164458592733
0.00790474824640486
0.007897877732912699
0.007891827154159547
0.007885304970211454
0.007878135206964282
0.007870735205544365
0.007863587760925292
0.0078568496465683
0.007849119544029236
0.007842697352833217
0.007836073750919766
0.00782980732652876
0.00782308640215132
0.007816602420806885
0.007810067166222467
0.0078033561123742
0.007797292115953234
0.007791380964385139
0.007783930291069879
0.007777218461036682
0.007771050111452739
0.007763303099738226
0.007756994316313002
0.007750805796517267
0.007744082493252225
0.007737149188253615
0.007730580412016975
0.007724263699849446
0.007718412534395854
0.007712238505151537
0.007705330244700113
0.007699388851059808
0.007693127674526639
0.00768685872554779
0.0076807438982857594
0.007674108931753371
0.007668111928304037
0.007661211207177904
0.007653515905804103
0.007647167727682325
0.007639993606673346
0.007632770927747091
0.007625823926925659
0.007619048603375753
0.007612002719773187
0.007605627992418077
0.0075988751252492265
0.007592531956566704
0.007585176470544604
0.0075787099546856355
0.007571024817890592
0.007564643955230713
0.0075577986452314595
0.007550767329004076
0.007543761414951749
0.007536938481860691
0.007530651428964402
0.007523820077048408
0.00751672990851932
0.007509876529375712
0.0075038814822832745
0.007496116399765015
0.0074895842976040305
0.007483291025956473
0.007476885665787592
0.007470489977465735
0.007464995349778069
0.007458379573292202
0.007451578137609693
0.007445173872841729
0.00743879519171185
0.007434045170413124
0.007427803736262851
0.0074221339530415
0.007415250954363081
0.007409120530552334
0.007401372195614709
0.007394579317834642
0.007388542517026265
0.007381926091512044
0.007375345826148987
0.007368040495448642
0.0073610594179895185
0.007354687803321414
0.007348107141918607
0.007341092654069265
0.007334132421016693
0.007326468878322177
0.0073201130098766755
0.007313185920980241
0.007307437597380744
0.007300885429647233
0.00729573499891493
0.007289725147353279
0.007283255157205793
0.007276878175470563
0.007270503420299954
0.007263280257913801
0.007256055576271482
0.007249248523182338
0.007242535853385925
0.007235358895195856
0.007229468772146437
0.007222630835904015
0.007215315032005311
0.007208638944890764
0.007202203787697686
0.007195373740461137
0.007189469510979123
0.007182603944672479
0.007176967039373186
0.007170029371314579
0.007163730449146695
0.007157648328940073
0.00715172752406862
0.007145588632424673
0.0071389134327570596
0.007133146973450979
0.007126793868011899
0.00711987469461229
0.0071140537725554575
0.007106464816464318
0.007100384426116943
0.0070938532657093475
0.007086949341826969
0.0070806701236301
0.007073550273312463
0.007067832887172699
0.007061701601081424
0.0070544501331117416
0.007048623658551111
0.007042361283302307
0.007035856946309408
0.007029210764831966
0.007023213689857059
0.007016364432705774
0.007009614135159386
0.007003091767099169
0.006996629966629876
0.0069901386009322275
0.0069830383936564135
0.006976766437954373
0.006969714946217007
0.006962975560294257
0.006955964194403755
0.006949478634198507
0.006943254191345638
0.006937997070948283
0.006931583468119304
0.0069259916385014855
0.006919297357400258
0.006912475072013007
0.006906611743238237
0.006900426085789998
0.006893734749158224
0.00688738976319631
0.006880461075570848
0.006873881611559126
0.006868177767594655
0.0068625295069482594
0.006855819604131911
0.006849173753791385
0.006842706702815162
0.006836949982908036
0.006830724114841885
0.006824004758728875
0.006817531335353851
0.006810689181751675
