0.03352099679311117
0.02581511099603441
0.02209516155719757
0.019435431366496617
0.017114851639005873
0.015367812762657801
0.013468565231230523
0.01180274481508467
0.010566354555884998
0.00988857253226969
0.008717576408717368
0.00845928885092338
0.00787110536189543
0.007773364138768779
0.007254836451013884
0.007559424240059323
0.006372121277503255
0.006207489846232864
0.006168606900110738
0.006348818713467983
0.00572038600028803
0.00586903603808023
0.004910829273197386
0.005136035484241115
0.005938967073543204
0.005198768630292681
0.00536108156800684
0.00569692813720968
0.0049967294838693405
0.0047608262187076944
0.0060877088228447574
0.004488686107430193
0.004734584707942687
0.0043863107756608065
0.003689070622209046
0.004088661516209443
0.0034490619352087375
0.004195717823650274
0.0045072864578208985
0.003183858987875283
0.003632303009513352
0.0029061403647530825
0.003811599871474835
0.003353139690392547
0.002818273399496037
0.0034967876413009233
0.002738065248256963
0.0030588603579335743
0.003094453342626285
0.003775961571818011
