0.033198692671457926
0.02591664196120368
0.02179258532524109
0.019359998721546597
0.017436716450585258
0.015059093051486545
0.014002108738157484
0.01254102037085427
0.010719461119009389
0.010453102531698016
0.010107174591885672
0.009340383784638511
0.008957259235613876
0.008703043691151673
0.0074185567342572745
0.007820252137796746
0.006614367705542181
0.006434585987735126
0.006611140664501323
0.0061225528155763945
0.005802329216069645
0.005010677458759811
0.005654248348375162
0.005349606888389422
0.005449390738209089
0.005049318812828925
0.005065840145117706
0.004149395421995885
0.004583811085960931
0.0048611514755421215
0.004588517582830455
0.004102188865136769
0.004472480313811037
0.0045760233087672126
0.004526651985943317
0.003651273215810458
0.003589339239253766
0.004474641437662972
0.0038718904960486624
0.00510540621197886
0.0043091047401953905
0.0037517464144362343
0.005394400176902612
0.003705181572834651
0.00371958454274055
0.0037238792195916177
0.005096509384115537
0.0033728960889805523
0.0031332797822025086
0.0033075232019440996
