0.037122437689039445
0.03707419022454156
0.0370228468577067
0.03696763057708741
0.0369076422797309
0.03684226158989801
0.036769443681505
0.03668659562004937
0.036590282037523056
0.03647386826409234
0.03632762881384955
0.03613556770748562
0.03587517407735189
0.035514817958407933
0.035005366897583004
0.034303414418962265
0.0334253353966607
0.03245363105138143
0.03150912043253581
0.03071466161939833
0.030112720489501952
0.02967787920633952
0.029353680970933698
0.029105320824517143
0.028906687503390843
0.028738907951778837
0.028591488075256348
0.02845598726272583
0.02832661585277981
0.028203242354922824
0.028081900066799587
0.0279626312467787
0.027844722398122152
0.027726941288842094
0.027609442933400473
0.02749154353671604
0.027372096326616076
0.027250907145606146
0.027127945529090033
0.027003348784976535
0.026874482621086968
0.026739532481299507
0.026598378043704563
0.026450747595893012
0.026296510187784828
0.026138372707366943
0.025975487592485216
0.02581086024178399
0.025646234130859376
0.02548621178732978
0.025332584285736082
0.025184979958004422
0.025045846218532983
0.02491242517895169
0.024783997133043075
0.02466020533243815
0.02454019651412964
0.024422601636250815
0.024307921112908255
0.024195264063941107
0.024084722646077472
0.023976528040568035
0.02386857795715332
0.023760204378763833
0.023654945299360488
0.023551479562123615
0.02344841555489434
0.023346875148349336
0.02324682920244005
0.023147135247124567
0.023049070686764185
0.022953817229800753
0.02286079536014133
0.02276889270146688
0.02267849892510308
0.022590046702490915
0.022503103404574926
0.02241674549314711
0.022333241822984483
0.02225083671145969
0.022170288615756564
0.022091978380415177
0.02201457990010579
0.021938493845197887
0.021863737604353162
0.021790966468387178
0.02172006566789415
0.021651494110955134
0.021584249591827392
0.02151823245154487
0.021452987819247777
0.021389743423461914
0.021327657551235623
0.021266999191708037
0.02120761923260159
0.0211484999232822
0.02109114901224772
0.02103373064464993
0.020977556228637697
0.020922373602125382
0.020868069150712758
0.02081387430826823
0.020760776943630644
0.020709575822618273
0.020657862271202938
0.020606996366712784
0.020556531545850965
0.020508570204840766
0.02046001066631741
0.02041170615090264
0.0203650330013699
0.020318818616867063
0.020272701835632324
0.020225123951170182
0.020179814947976007
0.020133204205830892
0.020087741062376235
0.020043336799409655
0.019999402168061998
0.019955857764350042
0.01991281934844123
0.01987014255523682
0.019826998398039076
0.019783970350689357
0.019741054985258313
0.019699454710218643
0.019657741016811794
0.0196174579249488
0.019578207386864555
0.019539068296220565
0.019500580490960012
0.01946127224498325
0.019423705699708728
0.019386391491360132
0.019349553362528485
0.019311165613598295
0.01927254829936557
0.01923425251642863
0.019196830336252847
0.019158982944488527
0.019123252879248723
0.0190876292652554
0.019049519883261787
0.019012405639224583
0.018976764080259535
0.01894021175702413
0.018906129503250123
0.01887142438358731
0.01883670138782925
0.018801505332522922
0.01876673936314053
0.018731756242116294
0.01869834327167935
0.018664728366004097
0.018632114373313056
0.018600477446450128
0.01856794866455926
0.018534922409057616
0.01850274078051249
0.01847147625287374
0.018439287042617797
0.0184074207994673
0.018376090293460424
0.01834546324412028
0.018316556300057307
0.018285457351472644
0.018254441658655803
0.01822460749414232
0.018194513697094388
0.018165268998675876
0.01813602112664117
0.01810716692076789
0.018078993039660984
0.018048245445887248
0.018019081338246663
0.017990382242202757
0.017961429527070787
0.01793500520918104
0.017906951295004952
0.017879206980599298
0.017851252937316892
0.017824838993284436
0.01779793586201138
0.017770738564597235
0.01774522814220852
0.017720111587312487
0.017694661484824285
0.01766925174395243
0.017644957537121243
0.017620649666256375
0.017596709468629627
0.017571889299816557
0.017546817355685765
0.017522406583362158
0.017499030399322508
0.017474454667833116
0.01744970501263936
0.0174259456899431
0.01740212207370334
0.017377893903520375
0.017354151964187624
0.01733017479578654
0.01730544907781813
0.017282419231202866
0.017259047709570992
0.01723619867960612
0.017212968736224705
0.017189607355329727
0.01716805330382453
0.01714547430144416
0.017121918053097193
0.017098114871978758
0.017075899457931518
0.01705354758368598
0.017030598068237306
0.017009435987472534
0.016987040244208444
0.01696505069732666
0.01694440956115723
0.01692108996709188
0.016899458196428088
0.016876460297902424
0.016853974850972495
0.01683235822253757
0.01680992646747165
0.016786782789230344
0.016763994942771063
0.016739696772893272
0.016719393322202895
0.01669760572645399
0.01667574562496609
0.016653345521291097
0.016632232199774846
0.01661134272151523
0.016589161486095853
0.01656803035736084
0.01654531642595927
0.016523288541369967
0.01650141143269009
0.016478445360395645
0.01645570035510593
0.016433577712376912
0.01641270636982388
0.01639092566172282
0.016368036370807224
0.01634474172592163
0.016322568898730808
0.01630017400317722
0.016276844697528416
0.0162555203543769
0.01623323063850403
0.01621136524942186
0.016190792073143855
0.01616893981297811
0.0161475554784139
0.016126594082514444
0.016104174009958904
0.01608303752475315
0.016062051714791192
0.016041717767715454
0.01602039006021288
0.01599677227338155
0.01597511715359158
0.015954840988583033
0.01593328175544739
0.015911918761995103
0.01589011198149787
0.015869082768758137
0.015848058478037517
0.015826344521840414
0.015806369193394978
0.015785596296522354
0.015765696642133925
0.015746143595377605
0.015725303771760728
0.01570616045527988
0.01568723936080933
0.0156676557858785
0.01564769114918179
0.01562924501630995
0.01560959735446506
0.015590840429729885
0.015571751414404976
0.015551451444625854
0.015532011614905463
0.01551232337421841
0.015492927259869047
0.015474424584706624
0.015455514992607966
0.01543685990439521
0.015418173360824584
0.015399383725060356
0.015381310362286038
0.01536235467063056
0.01534422147538927
0.015324840535057916
0.015305914804670548
0.015286465379926893
0.01526730835172865
0.015248992898729113
0.015230676741070218
0.015212900728649562
0.015195783689286972
0.015176277579201591
0.015158100938796997
0.015141043006049263
0.015122643497255114
0.015104183864593506
0.015085194306903414
0.01506660525004069
0.015048636553022595
0.015030481990178427
0.015011594152450562
0.014992696475982668
0.014975136523776585
0.014956989796956381
0.014937339920467802
0.014919957627190485
0.014902482297685411
0.014882838434643216
0.014864271238115097
0.014845300727420383
0.014827152633666992
0.014808438671959771
0.014788742404513888
0.014770316934585572
0.01475254847208659
0.014734852997461953
0.014716728597217137
0.014698511324988471
0.014679482242796155
0.014662026659647625
0.01464400372505188
0.01462730248239305
0.014610364050335353
0.014592255073123507
0.01457399680879381
0.01455710989634196
0.014537993441687689
0.014519857703314888
0.014502176210615371
0.014483612585067748
0.014466590038935344
0.014447582038243614
0.014430463451809355
0.014412990034951103
0.01439452690548367
0.014375998650656805
0.014356760480668812
0.014340815930896336
0.01432177798483107
0.014303279182646008
0.014285059764650132
0.014268409877353245
0.014251003260082667
0.014235000912348429
0.014215907027986315
0.014198852835761175
0.014181502840254042
0.014165380424923367
0.014147828515370688
0.014129784462187024
0.014112107276916504
0.014095283243391248
0.014074708604812622
0.01405673853556315
0.014038409556282891
0.014020981518427532
0.014003402868906657
0.013987882449891832
0.013970474916034275
0.013955028523339167
0.013938190629747178
0.013920470772849188
0.01390406673749288
0.013887180709838867
0.01387039737171597
0.01385406247244941
0.013836111921734279
0.01381908632384406
0.013801725244522096
0.013786348395877415
0.01377082093556722
0.013753047556347316
0.013735756296581692
0.013718375788794623
0.013702792681588066
0.013685741859012179
0.013669603088166978
0.01365195204416911
0.013635038047366673
0.01361861719555325
0.013601896980073717
0.013586028067270915
0.013573800791634455
0.013557118919160631
0.01354057961569892
0.013524632522794936
0.013510467735926311
0.013493002854453193
0.013477353154288397
0.013461589580112033
0.01344487025472853
0.013428953732384575
0.013413752259148492
0.0133976334783766
0.013381801006529066
0.013366342719395956
0.013350403600268894
0.01333638788064321
0.013323000232378642
0.013308467756377326
0.013293171723683675
0.013279151182704502
0.01326534198390113
0.013250354499287074
0.013236353084776137
0.013222537249988979
0.013207656391461691
0.013193445581860011
0.013178206475575764
0.013164502496189542
0.013150838255882263
0.013135200161404079
0.013121367298232186
0.013106919831699796
0.013091704108979967
0.01307689709133572
0.013062073879771763
0.01304842869175805
0.01303300769329071
0.013019510769844055
0.013005552731619942
0.012990928477711147
0.01297700407769945
0.012962926808993021
0.012948187216122944
0.01293550329208374
0.01291973339981503
0.012906321703063117
0.012891661813524033
0.01287778604030609
0.012862474383248224
0.012848678056399027
0.012833701549635992
0.012818297470940484
0.01280484033425649
0.012790672339333427
0.01277702185842726
0.01276241154935625
0.012748561165067885
0.012732806007067362
0.012718821159998575
0.012705335966746011
0.012690008325046964
0.012676740233103433
0.01266366086800893
0.0126492193169064
0.01263438889450497
0.012620298957824707
0.012607106285625034
0.012592544640435112
0.012578604295518664
0.012566099662250942
0.012550496021906535
0.012537213325500488
0.01252294217215644
0.012510198786523607
0.012495663997862073
0.012481159888373481
0.012467113492223951
0.01245400829580095
0.012439294081264072
0.012424395391676162
0.012410510240660774
0.012396493694517348
0.012380617758962844
0.012367508308092754
0.012353108138508265
0.012339560272958544
0.01232545243634118
0.012310797209209867
0.01229690891901652
0.012282143049769932
0.012268229858080546
0.012254663713773092
0.012241063186857436
0.012228149535920885
0.012214490334192913
0.012201769426133898
0.012188986420631409
0.01217373565832774
0.012160667975743611
0.01214686209095849
0.012132553794648912
0.01211921181148953
0.01210521206855774
0.01209091460969713
0.012077369819747077
0.012063995620939467
