0.033199859862857395
0.025937150589625042
0.02238340753449334
0.019966893408033582
0.017016375605927572
0.015436914459202027
0.013169453555345535
0.011986841433909204
0.01051053103937043
0.010297466536362966
0.009087737082772785
0.007924347300993072
0.007592703456907636
0.007346325524834296
0.006959533250538839
0.006563421017862856
0.006265093943569809
0.00641511352489599
0.0060474942702386115
0.00586999959970514
0.006009006909425888
0.0049850516282435925
0.0054253344752308395
0.005693355437202586
0.0055333776714694164
0.006010498139593336
0.005273669942551189
0.004713251693945171
0.00461203336906102
0.0038672547580881254
0.006668300190764583
0.004180158094440898
0.005398196393499772
0.004476782311933736
0.0037086707947982683
0.00420250922875065
0.004122840237865845
0.0052828967590298915
0.004334487736608005
0.004447900787409809
0.003431306940762119
0.003519972056512617
0.003921002992159791
0.0031697767115508517
0.0036165397497721847
0.0034575753066843997
0.0034442805700004102
0.0037598889633185333
0.002583227455615997
0.0035838753449420136
