0.0369868899875217
0.03695854155222575
0.036928983751932785
0.036898256640964085
0.03686578557756212
0.03683144478268093
0.03679440722995334
0.036753521113925505
0.03670692117479112
0.03665032702551948
0.03657780704498291
0.03647800104353163
0.036330561870998805
0.03609765972561307
0.03570630870395236
0.03503243465423584
0.03397924068239
0.03269823558595445
0.03149280720816718
0.03047906401952108
0.029684195200602212
0.029087884807586672
0.028637082333034938
0.02828043901655409
0.02798982950846354
0.0277492146703932
0.02754217773013645
0.027357620959811743
0.027188881259494358
0.02702939285702176
0.026878327253129747
0.02673434992896186
0.026594384426540798
0.026456061225467255
0.026318189080556234
0.026181705252329508
0.026043637720743813
0.025903340943654377
0.025761350599924723
0.025616538016001382
0.02546869062847561
0.025317175632052952
0.025159592236412898
0.024993929407331677
0.024822522438897026
0.02464377375708686
0.024461463854047988
0.02427721340391371
0.024095123036702474
0.023921358648935954
0.023759365283118356
0.023610848395029704
0.023473949601915147
0.023345726829104952
0.023223475906584
0.023106802802615695
0.022993520826763578
0.022883194806840684
0.022774788369072808
0.022669297726949058
0.02256468802028232
0.022460220146179197
0.022357456509272258
0.02225615979830424
0.022154716687732272
0.022054768864313762
0.02195561935636732
0.021857039282057022
0.021759609497918022
0.02166313435766432
0.021567664437823826
0.02147479812833998
0.021384297111299303
0.02129466021855672
0.02120603165626526
0.021115765534506906
0.02102838257153829
0.020942700115839638
0.020859514225853814
0.020779797093073527
0.020700469573338827
0.020622922653622096
0.0205466641108195
0.02047207562658522
0.020399075566397775
0.02032699597146776
0.020256143601735433
0.020187061468760172
0.02011931259367201
0.020052718793021305
0.01998648501502143
0.019922046163347033
0.019858868408203122
0.01979677028656006
0.019736371739705404
0.019675775130589802
0.019616341098149616
0.019557450819015502
0.019498785649405583
0.019441153393851385
0.019384445370568167
0.019327670367558798
0.01927202738655938
0.01921736306614346
0.01916275395817227
0.01910878204769558
0.019054542520311146
0.019000872182846067
0.018947779766718548
0.018895497979058158
0.018842891867955527
0.018790367926491632
0.018738210667504206
0.01868631782531738
0.018635022258758547
0.01858326696819729
0.018532842440075345
0.018482739120059544
0.018433290677600436
0.018384410179985895
0.018335718287361993
0.018287993129094442
0.018240948303540547
0.0181941234058804
0.018147984623908996
0.018102863478660584
0.018058788447909885
0.018014642262458802
0.01797067592408922
0.017926166105270383
0.017881774775187174
0.01783940020137363
0.017797050748931037
0.017755211822191877
0.017714168588320416
0.017673095356093512
0.017633050865597195
0.017593815581003827
0.017554686413870917
0.01751632996665107
0.017478113510873583
0.017440184344185723
0.017403230039278666
0.017367536526256135
0.017331110501289368
0.017295597293641832
0.01726082875728607
0.017226344188054403
0.017191613833109538
0.01715727109114329
0.017123033889134723
0.017089512599839103
0.017056319896380106
0.01702283356719547
0.01699104981422424
0.016959455545743306
0.01692741400665707
0.01689628496699863
0.01686539650493198
0.016834282588958742
0.01680393745104472
0.01677435267236498
0.01674493174817827
0.016714587614271376
0.016686006604300606
0.01665851968659295
0.016630552334255644
0.016602823416392007
0.016575629941622417
0.016548992602030434
0.016521617200639514
0.016495216952429878
0.016469099447462294
0.016442628746562535
0.01641622613535987
0.016390250545077853
0.016363628413942125
0.016338172944386803
0.01631269224219852
0.0162881015724606
0.016263114849726357
0.01623924792342716
0.016214473027653165
0.01619090017477671
0.016166826380623712
0.016143313233057656
0.016119958493444653
0.016097175108061898
0.01607442477544149
0.016051922856436838
0.016029507610532973
0.01600738245381249
0.01598473927974701
0.015962545447879367
0.01594010729259915
0.01591779039700826
0.01589573448499044
0.015873645713594224
0.015852479399575126
0.015831476381089952
0.01581055465804206
0.015790676323572794
0.01576834072271983
0.015746567180421618
0.01572584034866757
0.015705366550551523
0.015684297267595928
0.01566337082915836
0.015643613486819797
0.015622533482975431
0.015601564526557922
0.015580485812822979
0.015559479885631137
0.015538359755939906
0.01551814252535502
0.015497284785906474
0.01547750921514299
0.0154567059940762
0.015436112194591099
0.015415852612919277
0.015396212328804865
0.0153757683356603
0.01535527704556783
0.015335223383373684
0.01531538488599989
0.015295834027396309
0.015275573664241367
0.015255817063649495
0.01523716462188297
0.01521718549463484
0.015197766698731316
0.015178013539314271
0.015158667527304756
0.01513958010673523
0.01512000854810079
0.015100924510425993
0.015081743804613749
0.015061929485532971
0.015043310197194418
0.015024387158287895
0.015006046154763964
0.014987188188234964
0.01496860166920556
0.01494897787306044
0.014929937518967522
0.014910526922014024
0.014892277095052931
0.014873066359096103
0.014854187650150723
0.014835303767522175
0.014816594155629477
0.014798402214050292
0.01477996530532837
0.014761965012550355
0.014742680912547643
0.014724667821990119
0.014705504401524861
0.014688067314359876
0.014670091973410713
0.01465156848695543
0.014633664986822338
0.014616916426022846
0.014598993052376642
0.014581368615892197
0.014563735585742525
0.014545023046599494
0.014526072915395101
0.014508626121944852
0.014489799057112798
0.014471410557958817
0.01445337934229109
0.014435674341519674
0.014417296155293783
0.014399343289269341
0.014381426535712349
0.014363761152161493
0.014345932324727376
0.014327093278037176
0.014308859795994227
0.014290751197603015
0.014273070433404712
0.014254483599132964
0.014236606515778434
0.014219396850797865
0.014202198359701369
0.014184237053659227
0.014166994833946227
0.01414961932765113
0.014132235972086588
0.01411510997083452
0.014097699697812398
0.014080087775654263
0.014062157596482171
0.014044670401679145
0.014027522897720338
0.014009694838523865
0.013992776531643337
0.013975297893418205
0.013957841854625279
0.013939781824747722
0.01392193967766232
0.013904657268524169
0.013887970889939202
0.013870347648196751
0.013852889251708984
0.01383680670791202
0.013820990718735588
0.013804883972803753
0.013787868399090237
0.013771754495302836
0.013755034208297729
0.013738697242736816
0.01372276958624522
0.013706296915478177
0.013690056848526002
0.013674452641275193
0.01365894181198544
0.013643364466561211
0.013627291936344571
0.013611044147279526
0.01359450875653161
0.013578131781684028
0.013561973293622335
0.013545534308751425
0.013529784801271228
0.01351381151676178
0.013497809563742745
0.013482166345914206
0.013465550176302592
0.01345036178694831
0.013434585314326817
0.013418871641159057
0.013402758248647055
0.013387284127871196
0.013371030606163872
0.013354939299159579
0.013339718601438734
0.013324475407600404
0.013308443755573695
0.013293594188160366
0.013279031406508551
0.013263750471009148
0.01324822586907281
0.013233326310581632
0.013218220874998304
0.013202574857076009
0.013186873552534315
0.013171973872184753
0.013157113125589159
0.01314155690405104
0.013126247530513339
0.013111259219381544
0.01309653099907769
0.013081689974996778
0.013066912921269734
0.013052296423912048
0.013038015699386597
0.013023791808552211
0.013010523099369472
0.012995173716545105
0.012981135951148139
0.012966300270292495
0.01295271204047733
0.012938487325774298
0.01292487314277225
0.012910313105583191
0.012896952003902859
0.012883136020766364
0.012868812624613443
0.012855517548984952
0.012841871751679314
0.012827349048190648
0.012813728597429063
0.01280029996501075
0.012786736249923707
0.012772842476103042
0.01275913040108151
0.012746299825774299
0.012732781020800273
0.012720337926016912
0.012707679247856141
0.0126947790728675
0.012680609032842847
0.012667347184816996
0.012654437430699666
0.012640981131129795
0.012627871280246311
0.012614810318417019
0.012602094390657213
0.012588749024603102
0.012575992761717902
0.012563202659289043
0.012550917739338346
0.012538604397243924
0.012526983059777154
0.012513746229807537
0.01250170710351732
0.012489458049668205
0.012478526128662957
0.012465495578447977
0.012453499417834812
0.01244124887254503
0.012429212058915033
0.012417162532276578
0.01240531661245558
0.012393251244227091
0.012381268861558704
0.012369178862041896
0.012357010504934523
0.012344641256332398
0.012333075446552702
0.012321912410524157
0.012309652098019918
0.012297813585069444
0.012286083134015401
0.012272960042953493
0.012261644135581121
0.012249638215700786
0.012236936328146193
0.012224540072017245
0.012213178210788303
0.012202084816826714
0.012190134233898586
0.01217891612317827
0.012167989956008063
0.01215521525806851
0.012144872940911187
0.012132959739367169
0.012122209721141392
0.012109821785820856
0.012097300026151869
0.012084892066319783
0.012073530366685655
0.012062052093611823
0.012049732494354249
0.012038843001259698
0.01202829156451755
0.01201645826233758
0.012005029082298278
0.011993507986598545
0.011983221266004774
0.01197179851267073
0.01196178749932183
0.011951314727465311
0.011939133418930901
0.011928303146362304
0.0119182916270362
0.01190757613711887
0.011896572070651583
0.01188538133568234
0.011874757880634731
0.011863325754801432
0.011852175037066141
0.011841410324308606
0.011830868440204196
0.011820536891619365
0.011810776057508257
0.011798850707213083
0.011788725921842788
0.011777840503056844
0.011766754564974042
0.01175679544210434
0.011746492968665229
0.011735489959186978
0.01172479135327869
0.011714464900228712
0.011703215818934971
0.011692731580469344
0.0116826670633422
0.011670437619421216
0.011661272943019867
0.01164973924027549
0.01163866219520569
0.011628346835242378
0.011616496419906617
0.01160556964079539
0.011595359261830649
0.011583682375484043
0.01157223651541604
0.011561529950300853
0.011550110215610929
0.011539620264371235
0.011529130771425035
0.011519629661242167
0.011508101043436261
0.011498235261440278
0.01148743751578861
0.01147765137884352
0.011468624873956043
0.011458047570122613
0.011447922054926554
0.011435957198672825
0.011426089100042978
0.011416712311903636
0.011407352900505067
0.011396639562977684
0.011385444858339097
0.01137643752892812
0.011365885104073417
0.011355049787627325
