0.03694894065856934
0.03689437756008572
0.03683496252695719
0.03676890640258789
0.03669522917005751
0.03661216057671441
0.03651747154659695
0.03640748765733507
0.036277081065707734
0.03611883767445882
0.03591781845092774
0.03565479996999105
0.03529924901326498
0.03480500631332397
0.03411045269436306
0.03318490851720174
0.03211281328201294
0.031033225822448728
0.03003556710349189
0.029168029732174344
0.028447715992397732
0.027863044601016573
0.027392296494377983
0.027017210801442464
0.026719932799869114
0.02648003928926256
0.026280159982045494
0.026105831156836616
0.025948067622714573
0.025801579178704154
0.025657374053531225
0.02551758058336046
0.02538636876212226
0.02526070940229628
0.02514031023449368
0.025023799324035645
0.024907989247639973
0.024793689823150635
0.02468058565987481
0.024567339282565645
0.02445131972630819
0.024334372827741837
0.0242152795791626
0.02409313336478339
0.023967142740885416
0.023838999536302356
0.02370896699693468
0.023578104284074572
0.023448479949103464
0.023322993426852758
0.023204347864786784
0.02309099948671129
0.022982943842146133
0.022877712376912433
0.022776076168484156
0.022677108520931667
0.02257938109503852
0.02248324867884318
0.022388470363616946
0.02229470575120714
0.022202033689286974
0.022110141531626385
0.022018716865115695
0.021927107312944203
0.021836694357130263
0.021746706920199924
0.02165702560212877
0.02156961743036906
0.021482035149468316
0.021396261458926733
0.021311172474755183
0.021224878067440455
0.021138878599802655
0.021053973325093588
0.020970684825049508
0.02088736505508423
0.0208045169406467
0.020721603308783636
0.020639127657148575
0.02055754927529229
0.020478193102942573
0.020398746723598902
0.020321778265635172
0.02024391728507148
0.020167104127671986
0.020093350749545626
0.020020109102461076
0.019948274654812283
0.01987710684670342
0.019806362003750272
0.019737952147589787
0.019671462239159478
0.0196057282977634
0.019540781296624076
0.019477208285861546
0.019413157971700033
0.019349610657162137
0.01928681784735786
0.019224506187438963
0.01916379199557834
0.01910369391971164
0.01904394603835212
0.0189852791150411
0.01892750423749288
0.018869411394331192
0.018812519942389593
0.01875663727124532
0.018700798675749038
0.018646012677086723
0.018591662904951307
0.018536656035317314
0.01848221461508009
0.01842826550271776
0.018375229766633774
0.018321749660703872
0.018269493918948703
0.018217049100663928
0.018165095467037626
0.018114242686165703
0.018063794967863294
0.018014164013332792
0.017964523326026067
0.017915610218048095
0.017867183049519855
0.017819103002548218
0.017772283516989815
0.01772450352244907
0.017677906354268393
0.017630476734373304
0.01758428307639228
0.017538982741038007
0.017494366645812987
0.01744932747946845
0.017405671087900795
0.017361680550045437
0.017318222178353205
0.017275481457180445
0.017232758082283868
0.017189894024531045
0.017147925652398
0.01710651439560784
0.01706598136689928
0.017025119172202216
0.01698442389170329
0.01694393136766222
0.01690499497519599
0.016865470854441324
0.016827116372850205
0.016787336126963297
0.01674983885023329
0.016712242767545914
0.016675434192021686
0.01663844150967068
0.016601177268558077
0.016565228743023342
0.016528842030631173
0.01649242214096917
0.01645721706814236
0.016421334738201565
0.0163863776895735
0.016350294733047485
0.016315571122699313
0.016281686067581177
0.01624747307565477
0.016212957281536527
0.01617890869776408
0.0161470033009847
0.016114740133285524
0.01608301151593526
0.016052450185351903
0.01602179457876417
0.015991303253173828
0.015962318303849962
0.01593262825542026
0.015903002500534058
0.015874258269204033
0.015845494831932917
0.015817225895987618
0.01578856865035163
0.01576045224401686
0.01573274845017327
0.01570652295748393
0.015680036740832858
0.015652843263414172
0.01562716672155592
0.015600478416019017
0.015574004983901978
0.015547531975640192
0.015521756521860759
0.015496207269032797
0.015471227894888983
0.01544615445137024
0.015421615060170491
0.01539678184721205
0.01537268917295668
0.015347262790468004
0.015324751260545518
0.015301853450139366
0.015277909919950698
0.015255099275377063
0.015232359335157607
0.015208327198028565
0.015185511753294204
0.015161127758026124
0.015137919913397895
0.015114939059151546
0.015092060115602282
0.015069541041056315
0.015048182508680555
0.015026349035898843
0.015004435125986735
0.014982313701841566
0.014959336858325532
0.014935822105407715
0.01491312828593784
0.014889532438913982
0.01486786529223124
0.014846856700049507
0.014825507465998332
0.014803207964367337
0.014782371685240004
0.01476022900475396
0.014739949040942722
0.014719488292270237
0.0146990045759413
0.014678650532828436
0.014658539385265774
0.01463801252047221
0.01461868674490187
0.01459780935711331
0.014577573045094808
0.014556923082139756
0.01453748828570048
0.01451808180809021
0.01449835090107388
0.01447992098596361
0.014461143970489502
0.01444067192607456
0.014422064034144082
0.014403010691536799
0.014383568477630617
0.014364783504274158
0.01434594563378228
0.014326827324761284
0.014307737323972914
0.014287725072436861
0.014269258530934654
0.014250709708531699
0.014232246051894293
0.01421323807504442
0.01419454243183136
0.01417443699836731
0.01415437592400445
0.014135769311587016
0.014114425539970398
0.014095392031139799
0.014076047979460823
0.014059194509188333
0.01404168790181478
0.014021913886070252
0.014004389905929565
0.01398604088889228
0.013967881054348414
0.013950405648019578
0.013931916700469123
0.01391375794145796
0.013895987553066678
0.013877618601587084
0.013860036481751336
0.01384101377858056
0.013823878987630208
0.013805253256691827
0.013787717747688295
0.013769933756192525
0.01375295373863644
0.013736486919720969
0.013719670939445495
0.013702642141448127
0.01368448198106554
0.013666635147730508
0.013649601160155402
0.013631262010998195
0.013614819587601556
0.013598650810453626
0.013581615061230129
0.013564815844429864
0.013547913715574476
0.013530646835433112
0.013514562755160862
0.013498362718688118
0.013482236615816752
0.013465248897340562
0.013448934933874342
0.01343206422328949
0.013415839571423
0.013399407151010302
0.013383538818359375
0.013368533505333794
0.013352191064092848
0.013335323852962919
0.013317532965872023
0.013301356013615926
0.013284912316004436
0.013266851406627232
0.013251743780242072
0.013234967999988132
0.013219041079945034
0.013203328998883565
0.013186873298221165
0.01317108166747623
0.013154271406597562
0.013138348242971632
0.013123222110006544
0.013107878634664748
0.013091499617364671
0.013075056444274053
0.013059664705064561
0.013044549753930833
0.013029245983229742
0.01301289959748586
0.01299888150691986
0.012982400618659126
0.012967492951287164
0.0129522931655248
0.012935733432239957
0.012920557681719461
0.01290484189722273
0.012888994656668769
0.012872977529631721
0.01285832127465142
0.012843636091550191
0.012829775902960035
0.01281313758691152
0.0127966093911065
0.012780669273270501
0.012764795931180318
0.012749500600496929
0.012734736643897163
0.012719442505306667
0.012703266496128506
0.012688563402493795
0.012673564773135715
0.012658279652065701
0.012642984988954333
0.012629316933949789
0.012615245339605542
0.012601240176624721
0.012586956230799357
0.012572286468082004
0.012558127061525981
0.012543505851427713
0.012529969986279806
0.012515452173021104
0.012502577021386888
0.012488214882214865
0.01247315879397922
0.012458904515372382
0.012445690947108798
0.012430441848436991
0.01241601636674669
0.012402459308836196
0.012387199574046664
0.01237449577384525
0.012358832343419392
0.012343625073962741
0.012329146954748366
0.012315265899234347
0.012302773597505359
0.012288085420926412
0.012274391722679138
0.012261536796887716
0.012247336991628012
0.012233509993553162
0.012220616481039259
0.012206120313538446
0.012192140528890822
0.012179534059100681
0.012166336965560912
0.012153582864337497
0.012141665161980524
0.012127215054300096
0.012115639977984958
0.01210309885872735
0.012090356959236992
0.012077633370293512
0.01206568734910753
0.012052889776229859
0.01203956561088562
0.012026289701461792
0.012013885596063402
0.012002304702334935
0.01199046250184377
0.011978548828760783
0.011966301299466027
0.01195511347717709
0.011943462806277805
0.011932041418552398
0.01191985979212655
0.01190946552488539
0.011896960865126715
0.011883790693018172
0.011870861207114326
0.011858431816101075
0.011846590044763353
0.011834957056575352
0.01182328166299396
0.01181195383866628
0.011801985164483388
0.0117905314789878
0.011779809635215336
0.011769578018453386
0.011759882679250504
0.011748052888446384
0.01173648240433799
0.011725210845470428
0.01171407199435764
0.011702759840753344
0.011691737353801728
0.011679207200474209
0.011667443729771507
0.011655989431010353
0.011645013209184011
0.01163397564093272
0.011623142725891537
0.011611605155467988
0.01160096719927258
0.011591037527720133
0.011579544087251028
0.011568241981665294
0.011558301324314542
0.011547448412577313
0.011535528914133708
0.011525038550959692
0.011513779173956976
0.011503346521324582
0.011493389333619012
0.011483579213089413
0.011473186735312143
0.011462160939640469
0.011450006119410197
0.011441064149803585
0.011427521317534977
0.0114158919956949
0.011403822195529937
0.011393641583124796
0.01138188141187032
0.01137193656762441
0.011360967279805078
0.011350267745388878
0.011337397274706099
0.011326927598317466
0.01131562269396252
0.011304232708613077
0.011292474273840586
0.01128228852616416
0.011270822248193953
0.011259807748264737
0.011248773194683922
0.011237930879327986
0.011227294739087424
0.011215691227383083
0.011206230811278025
0.01119508049752977
0.011184160624610053
0.01117434853580263
0.01116329887840483
0.011151818395985497
0.01114072583913803
0.011131196717421214
0.011120340343316397
0.011109041770299276
0.011100035038259294
0.011088115768962436
0.0110807427710957
0.011070145086447398
0.011060387925306957
0.01105071798827913
0.011039919596248202
0.0110302752216657
0.01102015628417333
0.01100771882004208
0.010996746325492858
0.010986214510599772
0.01097407568693161
0.010964513785309262
0.010954490478833517
0.010944680701361762
0.010933831348684099
0.010926356053352357
0.010916904191176097
0.010906225797865125
0.010896078638235728
0.010886002047856648
0.010876638685332405
0.010866227983103858
0.010856410043769412
0.010847389744387733
0.010837773458162944
0.010828586163785724
0.01081930806239446
