0.036805616209242074
0.03677989707522922
0.03675263627370198
0.03672357449001736
0.03669230431450738
0.03665827106899685
0.036620416789584685
0.03657735335032145
0.036526659160190156
0.03646369071536594
0.0363834225124783
0.03627690864139133
0.0361307627360026
0.03592089082929823
0.03560268230438233
0.03510871540705363
0.03438430072996351
0.03351151296827528
0.0327262431356642
0.032119441350301106
0.031645211611853706
0.03127590110566881
0.030976826932695177
0.0307329937087165
0.030532041390736897
0.030362619315253362
0.03021501916249593
0.030078540579477942
0.029949947145250108
0.029827240689595542
0.029706743314531114
0.02958556176291572
0.029462235779232453
0.029336064985063342
0.029209319612714977
0.02907972697152032
0.028948864057328966
0.02881409073935615
0.02867639902962579
0.028534174738989938
0.028387653011745877
0.02823642724355062
0.0280791477839152
0.027915517383151584
0.027744071992238363
0.027565873919592965
0.02738181404537625
0.027194908067915177
0.027010736200544568
0.026833038457234698
0.026665863990783693
0.026511968072255452
0.026370705774095324
0.026240328640407984
0.0261188966539171
0.026004732767740884
0.02589608188205295
0.02579105553097195
0.025689209206899006
0.02558902474509345
0.025490725866953532
0.025393113454182943
0.025297181002298993
0.02520221855905321
0.025108324824439157
0.02501494532691108
0.024921189249886407
0.024827489953570894
0.024735725996229384
0.024643971649805703
0.02455432581371731
0.024467015918095907
0.024379071686002944
0.024293273554907905
0.02420867880185445
0.024127252578735353
0.024046715301937527
0.023968121586905585
0.023892449537913005
0.02381754444440206
0.023744101773367988
0.023671918715371026
0.02360056980450948
0.02352978449927436
0.023461319579018487
0.023394703123304578
0.023328492895762127
0.023262831719716392
0.023198778417375353
0.023135155407587687
0.023072051244311862
0.023009879795710245
0.022948612928390504
0.0228879610909356
0.022828199497858685
0.022768249538209703
0.022708938577440052
0.022649916956159803
0.02259247909651862
0.02253474553955926
0.02247675362692939
0.022420763805177477
0.022364907688564726
0.022309219858381482
0.02225331213209364
0.022198360851075915
0.022143906762864853
0.022090081840091282
0.022035762352413602
0.02198249955707126
0.02193033119307624
0.021878664260440404
0.02182678992483351
0.021775067875120374
0.021724241807725694
0.021672941531075372
0.02162250141567654
0.021573040517171224
0.02152315813700358
0.021474005937576295
0.02142502414385478
0.021376834111743504
0.021329516643948023
0.021282197422451445
0.021235655731625027
0.02119004273944431
0.021144932423697575
0.021099880154927572
0.021055707285139297
0.021012605391608343
0.02096862203280131
0.020926348156399197
0.02088394294314914
0.020843457068337335
0.020802967437108355
0.02076215009159512
0.02072244059244792
0.020682947566774156
0.020643795527352227
0.02060445809364319
0.02056786273850335
0.020529892990324233
0.020492976411183673
0.020455494281980725
0.020418829186757404
0.02038272704548306
0.020346293226877848
0.020311463011635673
0.02027584972381592
0.02024000005722046
0.020204627789391413
0.020169775846269396
0.020134773540496826
0.020100595241122777
0.020067036459181044
0.020033618709776137
0.02000044076177809
0.019966327471203273
0.019934367672602336
0.019902880281872218
0.019870174773534137
0.01983757585419549
0.01980641224119398
0.019775416898727416
0.01974433698124356
0.019713050201204087
0.019682745287153455
0.019652557463116116
0.019622653256522283
0.0195943287425571
0.019564987500508627
0.019535655715730457
0.019507257260216605
0.019478575325012206
0.019450624948077734
0.019422750573688082
0.019395431492063735
0.019368125894334582
0.019340968486997817
0.019313337267769706
0.019286643770005968
0.019259429168701173
0.01923225178718567
0.0192053086704678
0.019179271931118434
0.019153145456314087
0.01912725903193156
0.019101482158237034
0.01907546566327413
0.019049733622868856
0.01902307704819573
0.01899740745756361
0.0189712799443139
0.018945683150821263
0.018920185078514947
0.018895038090811837
0.018868969604704116
0.01884340943760342
0.018817265537050036
0.01879157558017307
0.01876738022963206
0.018741873897446526
0.01871697775257958
0.018691243815422056
0.018666175492604572
0.018640746002727086
0.01861643223762512
0.01859299872186449
0.018569903050528632
0.018546064292060002
0.01852282336552938
0.018499415673149958
0.01847646062374115
0.018453189346525404
0.01843024016486274
0.01840788440174527
0.018385103585984972
0.018363547767533198
0.018339978496233623
0.018317764070298937
0.018297350147035388
0.018274383971426222
0.018252529454231264
0.01823186240196228
0.01820988872051239
0.01818783058590359
0.01816627197265625
0.01814454341729482
0.01812384955883026
0.018102113848262363
0.018080846773253546
0.018060737035009596
0.01803883281018999
0.01801852389706506
0.01799733195039961
0.01797672443654802
0.017955047363705103
0.017932944610383774
0.01791152875158522
0.017890439955393474
0.017869672372606064
0.01784959103266398
0.01782839996019999
0.01780825709236993
0.017787045444382563
0.01776581188572778
0.017745606952243382
0.01772564001083374
0.01770526394314236
0.01768405936823951
0.017662476926379733
0.01764119728141361
0.01762135068575541
0.01760113335185581
0.01758034031656053
0.01756026962863074
0.01754078611003028
0.017520572349760268
0.017501278193791707
0.01748115564717187
0.01746064219209883
0.01744145365026262
0.01742148328357273
0.017402462638749016
0.017381979913181727
0.01736250575648414
0.017342566129896375
0.017322580541504755
0.017303637613190547
0.017285233452585008
0.017266134103139243
0.01724710177845425
0.0172269494454066
0.017207487183147005
0.01718825941350725
0.017168627829021878
0.01715067536301083
0.0171316745546129
0.017111919395128888
0.017092556858062744
0.017071871338950266
0.017052561842070685
0.01703231979476081
0.01701359670162201
0.016993981668684217
0.016974645831849842
0.01695535261631012
0.01693769033220079
0.016919368614090814
0.016900957208209565
0.016882676752408347
0.016864765032132467
0.01684554411040412
0.016826838813887704
0.01680908619827694
0.01679131183359358
0.01677257167498271
0.016753951970736185
0.016736133427090114
0.016716626058684455
0.016698795522583857
0.01668130379782783
0.016662983706262374
0.016645036223199634
0.016626573077837627
0.016608444780773585
0.016590358095698886
0.016573283195495607
0.01655481808185577
0.016535208405388725
0.016516711878776548
0.016498639225959778
0.016479147307078047
0.016461217617988588
0.01644232993390825
0.016423928027682836
0.016405666735437183
0.0163875884797838
0.01636873996257782
0.016350921077198453
0.016332459086842006
0.01631428432994419
0.016295332778824702
0.016277795388963488
0.01625919571187761
0.01624091548919678
0.016223526899019878
0.01620436945491367
0.016185102277331883
0.016166179177496166
0.01614815078046587
0.016130704180399576
0.016112863034672208
0.016095820644166734
0.016078835450278387
0.016060692389806112
0.016042755778630576
0.016025713067584567
0.01600888047218323
0.015991183320681255
0.015972810241911148
0.015955740422672695
0.01593923532962799
0.01592133580578698
0.015904981689982944
0.015888623457484773
0.015870706137021382
0.015851944533983864
0.01583573071691725
0.01581706628534529
0.01580053278340234
0.015782136294576858
0.01576470711628596
0.015746990136305494
0.015730166296164194
0.015713220159212747
0.01569672510491477
0.015679414309395682
0.01566191936333974
0.015645310213830737
0.015628089270326825
0.015614103813966116
0.015597877951463064
0.015581736547417112
0.015563058409425947
0.015547016190157996
0.015530521727932824
0.015515501896540324
0.015499866255124409
0.0154829913298289
0.015466456602679358
0.01545157243675656
0.015435656587282817
0.015418299032582176
0.015402214353614385
0.015385575169987148
0.01536849093834559
0.01535230078432295
0.015336696428722806
0.015320549447006651
0.015304050139586132
0.015289452019002702
0.01527321284479565
0.015257834458351134
0.015241475882795123
0.015225544469886356
0.015210203523106043
0.015195248293876647
0.015179709618621404
0.015164196583959792
0.015148122696081796
0.015134587311744689
0.015119299189249676
0.015103662742508782
0.015089670244852702
0.015073686354690127
0.015061345872614118
0.015045057562987008
0.015029931977060105
0.015016367843416001
0.015002559857898288
0.014986382761266497
0.014973655720551808
0.014957696930567425
0.014943254721164704
0.01492827035718494
0.014913487205240461
0.014898347303602432
0.014882945561408996
0.01486804272333781
0.014852499787012736
0.014837218704488543
0.014821457252237533
0.014806578985850017
0.014789983259307013
0.014774960871537526
0.014760283815860748
0.01474506423075994
0.014730981696976557
0.014716977319452497
0.014701543649037679
0.014686722279919517
0.014672966587543487
0.014658326329125297
0.014643522057268354
0.01462916250228882
0.014614504027366637
0.014600940328174166
0.01458668491575453
0.014571575440300836
0.014557597894138762
0.014542330214712355
0.014529241706265345
0.014514896512031555
0.014499982221921285
0.014484256655640071
0.014470221436023712
0.014455650125609502
0.014440898999902939
0.014426712273226845
0.014413996173275842
0.014399174390898812
0.014384849109914569
0.014369894460837047
0.014357782807615068
0.014344431983100044
0.01432966296672821
0.014316311780611674
0.014303113351927863
0.01428895956410302
0.014276354900995892
0.014262864587042066
0.014248906989892323
0.014235149882899392
0.014219505030579036
0.014206274522675408
0.014192678178681268
0.014179558546013302
0.014166318844424352
0.01415277723868688
0.01413803713851505
0.014123939865165287
0.014109226899676853
0.014096372220251296
0.014083051337136162
0.014068946149614122
0.014054532400767008
0.014042262268066406
0.014028136728869545
0.014013904611269633
0.014000925873385535
0.013988446891307831
0.013974412172370488
0.01396157109340032
0.013946830242209964
0.013932972111966875
0.013918347835540771
0.013905851678053539
0.01389152325656679
0.01387827292813195
0.013865340979894001
0.013851720390054913
0.013838150564829508
0.01382353452179167
0.013810340056154464
0.013796769036187066
0.01378457831144333
0.01376876583761639
0.013755312944783105
0.013742769228087532
0.013728601004017724
0.01371567387315962
0.01370243936114841
0.013688238893614875
0.013675337996747758
0.01366278534465366
0.013650324696964687
0.013636944188012017
0.01362417018810908
0.013612061338954502
