0.033016399002075196
0.025774486960305105
0.021722292545106676
0.019341067583031123
0.017132768260770374
0.014942310564054383
0.013382224201328225
0.01223536793490251
0.011038560625414053
0.00989686884197096
0.009883226155158548
0.00871933579378658
0.008044999020567371
0.007390744131637945
0.00674404075137443
0.006464155151984757
0.006507134143345886
0.006484263680078504
0.0057737327753255765
0.0053508389644324784
0.00589753663374318
0.005137971539464262
0.006042529846396711
0.004662737406127983
0.005163070725297762
0.0044039003706162075
0.005118558570452862
0.004711221696684758
0.004823184433434572
0.004452495542499754
0.005191808218426175
0.0037179186133926524
0.0045896014140065135
0.004141834620924459
0.0037857081817294883
0.004346569735916434
0.0036462641920894383
0.004429846393016891
0.0046132704313430525
0.004050482200024029
0.0038864441002615627
0.003399043894652277
0.003655896054922293
0.003495295798447397
0.004537451188856115
0.006315156479552389
0.004533908924191362
0.002969755900128641
0.003203969808246216
0.0034604884947080994
