0.033039294317033556
0.025880922179751926
0.022135790929529404
0.019046638565593296
0.017010333677132925
0.015012785888049336
0.013340317522403266
0.011897166062932877
0.010907833386709294
0.009577461632568804
0.009048282921873032
0.00824601035700697
0.007867298364556498
0.007114845000207424
0.0068613116141201715
0.006127711690372477
0.006053674828468097
0.005644469617410666
0.00554574973554247
0.005831523115146491
0.005886106528300378
0.004827996223709649
0.005018548748528378
0.004577454726015114
0.004657213888834748
0.005124601252418426
0.004303550680892335
0.004214787637662246
0.00410940633346456
0.004698155967146158
0.00473123631944052
0.00429614103431296
0.007434695012391441
0.004550146073765225
0.006651412024845679
0.003340717054437846
0.0031095846232595957
0.003541141605956687
0.0038624976431640484
0.0032153350851808985
0.0039736882412185264
0.003636253473167825
0.003056053223243604
0.007809664998369085
0.0035496953132458857
0.003499785169431319
0.0038462114358579534
0.0032079767203268906
0.0030470923953120495
0.002886371389722141
